0.000	0.005	0.007	0.000	0.007	0.000	0.000	0.000	0.000	0.000	0.000	0.000	0.005	0.001	0.001	0.000	0.007	0.000	0.000	0.000	0.005	0.008	0.001	0.004	0.011
0.100	0.005	0.006	0.000	0.008	0.000	0.000	0.000	0.000	0.000	0.000	0.000	0.006	0.002	0.001	0.000	0.007	0.000	0.000	0.000	0.005	0.008	0.002	0.002	0.011
0.200	0.005	0.007	0.000	0.007	0.000	0.000	0.000	0.000	0.001	0.000	0.000	0.007	0.003	0.002	0.000	0.006	0.000	0.000	0.000	0.005	0.009	0.001	0.002	0.009
0.300	0.005	0.006	0.000	0.007	0.000	0.000	0.000	0.000	0.001	0.000	0.000	0.004	0.001	0.004	0.000	0.006	0.000	0.000	0.000	0.005	0.007	0.002	0.002	0.011
0.400	0.006	0.006	0.000	0.006	0.000	0.000	0.000	0.000	0.001	0.000	0.000	0.004	0.001	0.001	0.000	0.005	0.000	0.000	0.001	0.005	0.007	0.001	0.002	0.010
0.500	0.005	0.006	0.000	0.007	0.000	0.000	0.000	0.000	0.002	0.000	0.000	0.005	0.001	0.002	0.000	0.007	0.000	0.000	0.000	0.004	0.007	0.001	0.003	0.010
0.600	0.005	0.007	0.000	0.008	0.000	0.000	0.000	0.000	0.002	0.000	0.000	0.005	0.001	0.002	0.000	0.007	0.000	0.000	0.000	0.006	0.007	0.001	0.002	0.011
0.700	0.005	0.007	0.000	0.007	0.000	0.000	0.000	0.000	0.000	0.000	0.000	0.004	0.002	0.004	0.000	0.007	0.000	0.000	0.000	0.005	0.007	0.000	0.003	0.010
0.800	0.004	0.007	0.000	0.007	0.000	0.000	0.000	0.000	0.001	0.000	0.000	0.005	0.003	0.002	0.000	0.006	0.000	0.000	0.000	0.005	0.007	0.002	0.002	0.009
0.900	0.005	0.007	0.000	0.006	0.000	0.000	0.000	0.000	0.002	0.000	0.000	0.005	0.001	0.002	0.000	0.006	0.000	0.000	0.000	0.005	0.008	0.001	0.001	0.011
1.000	0.004	0.007	0.000	0.008	0.000	0.000	0.000	0.000	0.002	0.000	0.000	0.004	0.002	0.002	0.000	0.007	0.000	0.000	0.000	0.005	0.007	0.002	0.002	0.011
1.100	0.005	0.006	0.000	0.008	0.000	0.000	0.000	0.000	0.001	0.000	0.000	0.004	0.001	0.000	0.000	0.005	0.000	0.000	0.000	0.004	0.008	0.002	0.002	0.011
1.200	0.004	0.006	0.000	0.006	0.000	0.000	0.000	0.000	0.002	0.000	0.000	0.004	0.001	0.001	0.000	0.007	0.000	0.000	0.001	0.005	0.009	0.002	0.002	0.011
1.300	0.005	0.006	0.000	0.007	0.000	0.000	0.000	0.000	0.002	0.000	0.000	0.005	0.001	0.003	0.000	0.007	0.000	0.000	0.000	0.004	0.007	0.002	0.002	0.011
1.400	0.005	0.006	0.000	0.008	0.000	0.000	0.000	0.000	0.001	0.000	0.000	0.005	0.002	0.002	0.000	0.006	0.000	0.000	0.000	0.005	0.007	0.001	0.003	0.010
1.500	0.004	0.007	0.000	0.008	0.000	0.000	0.000	0.000	0.001	0.000	0.000	0.004	0.002	0.002	0.000	0.006	0.000	0.000	0.001	0.005	0.007	0.002	0.002	0.011
1.600	0.004	0.007	0.000	0.008	0.000	0.000	0.000	0.000	0.002	0.000	0.000	0.005	0.002	0.001	0.000	0.007	0.000	0.000	0.000	0.005	0.010	0.000	0.002	0.010
1.700	0.005	0.005	0.000	0.007	0.000	0.000	0.000	0.000	0.001	0.000	0.000	0.004	0.003	0.004	0.000	0.006	0.000	0.000	0.000	0.005	0.007	0.001	0.002	0.011
1.800	0.004	0.006	0.000	0.007	0.000	0.000	0.000	0.000	0.002	0.000	0.000	0.005	0.002	0.002	0.000	0.006	0.000	0.000	0.000	0.004	0.008	0.001	0.002	0.010
1.900	0.005	0.005	0.000	0.008	0.000	0.000	0.000	0.000	0.001	0.000	0.000	0.004	0.001	0.003	0.000	0.007	0.000	0.000	0.000	0.004	0.007	0.002	0.002	0.009
2.000	0.005	0.005	0.000	0.007	0.000	0.000	0.000	0.000	0.000	0.000	0.000	0.004	0.004	0.004	0.000	0.007	0.000	0.000	0.000	0.005	0.007	0.001	0.002	0.009
2.100	0.004	0.005	0.000	0.007	0.000	0.000	0.000	0.000	0.001	0.000	0.000	0.004	0.002	0.004	0.000	0.005	0.000	0.000	0.000	0.005	0.007	0.001	0.003	0.010
2.200	0.004	0.005	0.000	0.006	0.000	0.000	0.000	0.000	0.001	0.000	0.000	0.005	0.001	0.002	0.000	0.008	0.000	0.000	0.001	0.007	0.008	0.000	0.003	0.008
2.300	0.005	0.008	0.000	0.009	0.000	0.000	0.000	0.000	0.001	0.000	0.000	0.005	0.001	0.004	0.000	0.007	0.000	0.000	0.001	0.005	0.008	0.000	0.001	0.010
2.400	0.004	0.007	0.000	0.006	0.000	0.000	0.000	0.000	0.001	0.000	0.000	0.005	0.001	0.001	0.000	0.006	0.000	0.000	0.000	0.005	0.009	0.000	0.001	0.010
2.500	0.004	0.006	0.000	0.007	0.000	0.000	0.000	0.000	0.002	0.000	0.000	0.005	0.001	0.002	0.000	0.006	0.000	0.000	0.000	0.005	0.008	0.000	0.002	0.011
2.600	0.004	0.007	0.000	0.007	0.000	0.000	0.000	0.000	0.002	0.000	0.000	0.005	0.002	0.001	0.000	0.007	0.000	0.000	0.000	0.006	0.009	0.001	0.003	0.011
2.700	0.004	0.007	0.000	0.009	0.000	0.000	0.000	0.000	0.001	0.000	0.000	0.005	0.001	0.001	0.000	0.006	0.000	0.000	0.001	0.004	0.005	0.001	0.003	0.011
2.800	0.012	0.014	0.003	0.011	0.000	0.002	0.000	0.000	0.007	0.000	0.002	0.008	0.004	0.007	0.000	0.013	0.001	0.001	0.007	0.011	0.013	0.004	0.004	0.012
2.900	0.013	0.014	0.004	0.009	0.000	0.004	0.000	0.000	0.007	0.000	0.002	0.009	0.004	0.009	0.000	0.013	0.001	0.000	0.007	0.014	0.012	0.004	0.005	0.012
3.000	0.013	0.014	0.004	0.010	0.000	0.003	0.000	0.000	0.007	0.000	0.003	0.010	0.001	0.009	0.000	0.011	0.001	0.001	0.006	0.011	0.013	0.004	0.004	0.011
3.100	0.323	0.014	0.003	0.009	0.000	0.004	0.000	0.000	0.005	0.000	0.003	0.007	0.003	0.008	0.000	0.011	0.001	0.001	0.005	0.012	0.011	0.003	0.005	0.011
3.200	0.710	0.011	0.000	0.009	0.000	0.000	0.000	0.000	0.003	0.000	0.000	0.005	0.003	0.004	0.000	0.008	0.000	0.000	0.002	0.008	0.011	0.002	0.002	0.009
3.300	0.773	0.011	0.001	0.007	0.000	0.000	0.000	0.000	0.002	0.000	0.000	0.006	0.001	0.002	0.000	0.007	0.000	0.000	0.002	0.007	0.008	0.002	0.003	0.010
3.400	0.810	0.009	0.000	0.009	0.000	0.000	0.000	0.000	0.002	0.000	0.000	0.005	0.002	0.002	0.000	0.009	0.000	0.000	0.000	0.006	0.008	0.002	0.002	0.011
3.500	0.836	0.010	0.000	0.009	0.000	0.000	0.000	0.000	0.002	0.000	0.000	0.006	0.001	0.003	0.000	0.007	0.000	0.000	0.001	0.007	0.009	0.002	0.004	0.011
3.600	0.855	0.009	0.000	0.009	0.000	0.000	0.000	0.000	0.003	0.000	0.000	0.005	0.002	0.002	0.000	0.009	0.000	0.000	0.001	0.007	0.007	0.003	0.004	0.011
3.700	0.870	0.008	0.000	0.009	0.000	0.000	0.000	0.000	0.002	0.000	0.000	0.005	0.001	0.002	0.000	0.006	0.000	0.000	0.002	0.005	0.010	0.001	0.004	0.010
3.800	0.882	0.009	0.000	0.007	0.000	0.000	0.000	0.000	0.002	0.000	0.000	0.005	0.003	0.001	0.000	0.009	0.000	0.000	0.002	0.005	0.009	0.003	0.004	0.011
3.900	0.892	0.009	0.000	0.007	0.000	0.000	0.000	0.000	0.002	0.000	0.000	0.006	0.002	0.002	0.000	0.008	0.000	0.000	0.002	0.005	0.009	0.002	0.005	0.011
4.000	0.899	0.007	0.000	0.007	0.000	0.000	0.000	0.000	0.002	0.000	0.000	0.005	0.002	0.003	0.000	0.007	0.000	0.000	0.034	0.007	0.007	0.001	0.003	0.010
4.100	0.909	0.010	0.000	0.009	0.000	0.000	0.000	0.000	0.002	0.000	0.000	0.005	0.004	0.002	0.000	0.009	0.000	0.000	0.110	0.006	0.008	0.002	0.004	0.008
4.200	0.912	0.009	0.000	0.007	0.000	0.000	0.000	0.000	0.002	0.000	0.000	0.005	0.003	0.002	0.000	0.007	0.000	0.000	0.153	0.005	0.009	0.002	0.003	0.008
4.300	0.920	0.008	0.000	0.009	0.000	0.000	0.000	0.000	0.002	0.000	0.000	0.005	0.003	0.003	0.000	0.007	0.000	0.000	0.200	0.006	0.007	0.001	0.005	0.010
4.400	0.925	0.008	0.000	0.007	0.000	0.000	0.000	0.000	0.003	0.000	0.000	0.005	0.001	0.001	0.000	0.007	0.000	0.000	0.227	0.005	0.009	0.001	0.003	0.009
4.500	0.930	0.009	0.000	0.008	0.000	0.000	0.000	0.000	0.002	0.000	0.000	0.005	0.002	0.002	0.000	0.007	0.000	0.000	0.249	0.006	0.008	0.003	0.004	0.011
4.600	0.934	0.008	0.000	0.009	0.000	0.000	0.000	0.000	0.001	0.000	0.000	0.005	0.002	0.002	0.000	0.008	0.000	0.000	0.276	0.007	0.008	0.001	0.002	0.009
4.700	0.937	0.007	0.001	0.009	0.000	0.000	0.000	0.000	0.002	0.000	0.000	0.004	0.002	0.004	0.000	0.007	0.000	0.000	0.298	0.007	0.009	0.002	0.004	0.011
4.800	0.941	0.009	0.000	0.007	0.000	0.000	0.000	0.000	0.002	0.000	0.000	0.005	0.002	0.001	0.000	0.007	0.000	0.000	0.321	0.005	0.008	0.001	0.003	0.011
4.900	0.943	0.009	0.000	0.008	0.000	0.000	0.000	0.000	0.002	0.000	0.000	0.004	0.004	0.003	0.000	0.009	0.000	0.000	0.343	0.007	0.009	0.000	0.002	0.011
5.000	0.947	0.053	0.001	0.007	0.000	0.000	0.000	0.000	0.001	0.000	0.000	0.005	0.003	0.001	0.000	0.007	0.000	0.000	0.366	0.006	0.007	0.002	0.002	0.011
5.100	0.950	0.087	0.000	0.007	0.000	0.000	0.000	0.000	0.002	0.000	0.000	0.005	0.002	0.002	0.000	0.009	0.000	0.000	0.387	0.007	0.007	0.003	0.002	0.011
5.200	0.952	0.106	0.000	0.008	0.000	0.000	0.000	0.000	0.002	0.000	0.036	0.006	0.001	0.001	0.000	0.007	0.000	0.000	0.401	0.006	0.007	0.002	0.002	0.010
5.300	0.954	0.121	0.000	0.007	0.000	0.000	0.000	0.000	0.002	0.000	0.053	0.005	0.001	0.002	0.000	0.008	0.000	0.000	0.418	0.006	0.007	0.001	0.002	0.011
5.400	0.957	0.135	0.000	0.007	0.000	0.000	0.000	0.000	0.001	0.000	0.067	0.005	0.001	0.002	0.000	0.006	0.000	0.000	0.431	0.005	0.006	0.001	0.003	0.011
5.500	0.960	0.146	0.000	0.006	0.000	0.002	0.000	0.000	0.003	0.000	0.082	0.005	0.002	0.002	0.000	0.028	0.000	0.000	0.442	0.007	0.009	0.001	0.002	0.010
5.600	0.963	0.162	0.000	0.007	0.000	0.042	0.000	0.000	0.001	0.000	0.096	0.005	0.003	0.002	0.000	0.057	0.000	0.000	0.451	0.006	0.009	0.001	0.002	0.011
5.700	0.965	0.180	0.000	0.008	0.000	0.059	0.000	0.000	0.001	0.000	0.112	0.005	0.003	0.001	0.000	0.080	0.000	0.000	0.464	0.007	0.007	0.002	0.002	0.011
5.800	0.968	0.197	0.000	0.007	0.000	0.078	0.000	0.000	0.004	0.000	0.130	0.005	0.001	0.002	0.000	0.110	0.000	0.000	0.481	0.007	0.008	0.001	0.004	0.011
5.900	0.970	0.215	0.000	0.007	0.000	0.095	0.000	0.000	0.002	0.000	0.146	0.004	0.002	0.003	0.000	0.132	0.000	0.000	0.491	0.005	0.008	0.002	0.003	0.010
6.000	0.972	0.233	0.000	0.007	0.000	0.114	0.000	0.000	0.002	0.000	0.161	0.005	0.002	0.002	0.000	0.146	0.000	0.000	0.502	0.006	0.007	0.001	0.002	0.008
6.100	0.973	0.249	0.000	0.008	0.000	0.136	0.000	0.000	0.003	0.000	0.175	0.003	0.000	0.002	0.000	0.157	0.000	0.000	0.510	0.007	0.007	0.002	0.002	0.008
6.200	0.976	0.262	0.000	0.007	0.000	0.152	0.000	0.000	0.002	0.000	0.189	0.006	0.003	0.001	0.000	0.167	0.000	0.000	0.516	0.006	0.008	0.002	0.003	0.010
6.300	0.978	0.278	0.000	0.006	0.000	0.169	0.000	0.000	0.002	0.000	0.201	0.005	0.003	0.002	0.000	0.176	0.000	0.000	0.524	0.006	0.008	0.001	0.002	0.010
6.400	0.979	0.291	0.000	0.008	0.000	0.187	0.000	0.000	0.002	0.000	0.215	0.005	0.001	0.002	0.000	0.186	0.000	0.000	0.529	0.006	0.008	0.001	0.002	0.007
6.500	0.980	0.305	0.000	0.007	0.000	0.203	0.000	0.000	0.001	0.000	0.229	0.006	0.002	0.002	0.000	0.199	0.000	0.000	0.536	0.007	0.007	0.002	0.002	0.010
6.600	0.981	0.318	0.000	0.007	0.000	0.219	0.000	0.000	0.002	0.000	0.242	0.004	0.001	0.002	0.000	0.208	0.000	0.000	0.542	0.005	0.009	0.001	0.004	0.008
6.700	0.983	0.333	0.000	0.006	0.000	0.232	0.000	0.000	0.002	0.000	0.258	0.006	0.000	0.002	0.000	0.217	0.000	0.000	0.550	0.007	0.008	0.002	0.003	0.011
6.800	0.985	0.345	0.000	0.006	0.000	0.245	0.000	0.000	0.002	0.000	0.268	0.005	0.002	0.002	0.000	0.225	0.000	0.000	0.556	0.006	0.007	0.001	0.003	0.010
6.900	0.986	0.356	0.000	0.007	0.000	0.256	0.000	0.000	0.002	0.000	0.279	0.005	0.001	0.002	0.000	0.233	0.000	0.000	0.560	0.004	0.007	0.001	0.003	0.011
7.000	0.987	0.364	0.000	0.008	0.000	0.268	0.000	0.000	0.002	0.000	0.292	0.005	0.001	0.002	0.000	0.240	0.000	0.000	0.569	0.005	0.009	0.001	0.002	0.010
7.100	0.988	0.373	0.000	0.008	0.000	0.280	0.000	0.000	0.002	0.000	0.302	0.005	0.000	0.002	0.000	0.248	0.000	0.000	0.574	0.006	0.006	0.001	0.001	0.007
7.200	0.991	0.383	0.000	0.007	0.000	0.291	0.000	0.000	0.002	0.000	0.313	0.005	0.000	0.001	0.000	0.254	0.000	0.000	0.578	0.005	0.009	0.001	0.002	0.011
7.300	0.990	0.390	0.000	0.007	0.000	0.300	0.000	0.000	0.003	0.000	0.323	0.005	0.002	0.002	0.000	0.262	0.000	0.000	0.583	0.005	0.007	0.001	0.003	0.011
7.400	0.992	0.398	0.001	0.006	0.000	0.312	0.000	0.000	0.001	0.000	0.330	0.004	0.001	0.002	0.000	0.269	0.000	0.000	0.588	0.005	0.006	0.001	0.002	0.011
7.500	0.993	0.408	0.000	0.007	0.000	0.321	0.000	0.000	0.002	0.000	0.336	0.004	0.001	0.002	0.000	0.274	0.000	0.000	0.592	0.005	0.007	0.002	0.003	0.011
7.600	0.993	0.415	0.000	0.007	0.000	0.331	0.000	0.000	0.002	0.000	0.344	0.005	0.001	0.002	0.000	0.283	0.000	0.000	0.595	0.005	0.007	0.001	0.002	0.011
7.700	0.994	0.424	0.000	0.008	0.000	0.340	0.000	0.000	0.002	0.000	0.351	0.005	0.001	0.036	0.000	0.288	0.000	0.000	0.601	0.005	0.007	0.001	0.002	0.011
7.800	0.996	0.432	0.000	0.007	0.000	0.350	0.000	0.000	0.003	0.000	0.357	0.006	0.002	0.050	0.000	0.295	0.000	0.000	0.604	0.006	0.009	0.001	0.004	0.008
7.900	0.996	0.443	0.000	0.005	0.000	0.359	0.000	0.000	0.002	0.000	0.364	0.005	0.001	0.060	0.000	0.303	0.000	0.000	0.608	0.005	0.007	0.001	0.002	0.011
8.000	0.997	0.450	0.000	0.007	0.000	0.366	0.000	0.000	0.002	0.000	0.370	0.005	0.003	0.072	0.000	0.311	0.000	0.000	0.613	0.007	0.008	0.000	0.003	0.011
8.100	0.999	0.455	0.000	0.007	0.000	0.373	0.000	0.000	0.003	0.000	0.377	0.005	0.001	0.085	0.000	0.321	0.000	0.000	0.619	0.005	0.007	0.001	0.001	0.010
8.200	0.999	0.463	0.000	0.009	0.000	0.382	0.000	0.000	0.002	0.000	0.381	0.005	0.001	0.093	0.000	0.327	0.000	0.000	0.623	0.005	0.009	0.001	0.004	0.011
8.300	0.998	0.472	0.000	0.006	0.000	0.391	0.000	0.000	0.002	0.000	0.389	0.005	0.001	0.099	0.000	0.332	0.000	0.000	0.627	0.006	0.008	0.001	0.002	0.010
8.400	0.996	0.480	0.000	0.006	0.000	0.401	0.000	0.000	0.002	0.000	0.394	0.005	0.003	0.104	0.000	0.340	0.000	0.000	0.631	0.005	0.009	0.001	0.004	0.010
8.500	0.999	0.492	0.000	0.007	0.000	0.411	0.000	0.000	0.003	0.000	0.398	0.004	0.003	0.112	0.000	0.345	0.000	0.000	0.634	0.005	0.007	0.002	0.001	0.009
8.600	1.002	0.497	0.000	0.007	0.000	0.419	0.000	0.000	0.002	0.000	0.403	0.005	0.001	0.120	0.000	0.354	0.000	0.000	0.638	0.005	0.009	0.001	0.003	0.011
8.700	1.002	0.504	0.000	0.005	0.000	0.425	0.000	0.000	0.003	0.000	0.410	0.005	0.002	0.128	0.000	0.360	0.000	0.000	0.643	0.006	0.009	0.001	0.002	0.011
8.800	1.003	0.510	0.000	0.007	0.000	0.432	0.000	0.000	0.003	0.000	0.415	0.006	0.001	0.138	0.000	0.366	0.000	0.000	0.648	0.007	0.006	0.001	0.002	0.011
8.900	1.003	0.517	0.000	0.007	0.000	0.438	0.000	0.000	0.002	0.000	0.419	0.005	0.002	0.144	0.000	0.373	0.000	0.000	0.651	0.037	0.007	0.001	0.001	0.011
9.000	1.004	0.521	0.000	0.009	0.000	0.445	0.000	0.000	0.003	0.000	0.422	0.005	0.001	0.149	0.000	0.379	0.000	0.000	0.653	0.056	0.005	0.001	0.002	0.010
9.100	1.005	0.528	0.000	0.007	0.000	0.449	0.000	0.000	0.042	0.000	0.425	0.005	0.001	0.155	0.000	0.385	0.000	0.000	0.656	0.069	0.007	0.002	0.003	0.010
9.200	1.005	0.533	0.000	0.005	0.000	0.455	0.000	0.000	0.052	0.000	0.432	0.005	0.003	0.163	0.000	0.389	0.000	0.000	0.661	0.083	0.006	0.001	0.002	0.012
9.300	1.006	0.538	0.001	0.008	0.000	0.460	0.000	0.000	0.061	0.000	0.437	0.005	0.002	0.168	0.000	0.394	0.000	0.000	0.666	0.093	0.009	0.001	0.004	0.011
9.400	1.007	0.542	0.001	0.007	0.000	0.465	0.000	0.000	0.073	0.000	0.440	0.004	0.001	0.175	0.000	0.399	0.000	0.000	0.668	0.107	0.007	0.002	0.004	0.011
9.500	1.007	0.547	0.000	0.006	0.000	0.470	0.000	0.000	0.081	0.000	0.443	0.004	0.001	0.181	0.000	0.402	0.000	0.000	0.670	0.119	0.008	0.001	0.003	0.010
9.600	1.007	0.552	0.000	0.006	0.000	0.474	0.000	0.000	0.088	0.000	0.447	0.005	0.001	0.187	0.000	0.409	0.000	0.000	0.674	0.127	0.007	0.001	0.002	0.011
9.700	1.008	0.553	0.000	0.007	0.000	0.478	0.000	0.000	0.101	0.000	0.451	0.004	0.002	0.191	0.000	0.413	0.000	0.000	0.675	0.132	0.008	0.001	0.003	0.011
9.800	1.007	0.557	0.000	0.005	0.000	0.482	0.000	0.000	0.109	0.000	0.456	0.003	0.001	0.196	0.000	0.415	0.000	0.000	0.680	0.139	0.009	0.002	0.002	0.011
9.900	1.009	0.559	0.000	0.006	0.000	0.487	0.000	0.000	0.119	0.000	0.459	0.004	0.004	0.203	0.000	0.421	0.000	0.000	0.681	0.144	0.008	0.001	0.002	0.009
10.000	1.009	0.565	0.001	0.007	0.000	0.489	0.000	0.000	0.128	0.000	0.462	0.006	0.003	0.207	0.000	0.424	0.000	0.000	0.684	0.151	0.008	0.001	0.004	0.010
10.100	1.010	0.568	0.000	0.007	0.000	0.493	0.000	0.000	0.139	0.000	0.465	0.005	0.003	0.213	0.000	0.431	0.000	0.000	0.686	0.157	0.008	0.002	0.002	0.009
10.200	1.011	0.571	0.000	0.007	0.000	0.496	0.000	0.000	0.150	0.000	0.468	0.005	0.002	0.216	0.000	0.434	0.000	0.000	0.688	0.162	0.007	0.000	0.002	0.011
10.300	1.010	0.575	0.000	0.006	0.000	0.500	0.000	0.000	0.159	0.000	0.473	0.005	0.001	0.222	0.000	0.436	0.000	0.000	0.692	0.168	0.008	0.001	0.002	0.011
10.400	1.010	0.578	0.001	0.007	0.000	0.505	0.000	0.000	0.170	0.000	0.477	0.006	0.002	0.228	0.000	0.439	0.000	0.000	0.693	0.174	0.009	0.000	0.001	0.011
10.500	1.012	0.582	0.000	0.007	0.000	0.507	0.000	0.000	0.177	0.000	0.482	0.004	0.003	0.235	0.000	0.443	0.000	0.000	0.696	0.182	0.009	0.001	0.003	0.012
10.600	1.012	0.586	0.000	0.005	0.000	0.513	0.000	0.000	0.183	0.000	0.483	0.007	0.001	0.239	0.000	0.449	0.000	0.000	0.698	0.186	0.009	0.001	0.002	0.011
10.700	1.011	0.588	0.000	0.007	0.000	0.516	0.000	0.000	0.195	0.000	0.487	0.005	0.002	0.243	0.000	0.453	0.000	0.000	0.700	0.191	0.007	0.001	0.004	0.010
10.800	1.012	0.592	0.000	0.008	0.000	0.520	0.000	0.000	0.204	0.000	0.492	0.005	0.002	0.247	0.000	0.455	0.000	0.000	0.703	0.197	0.008	0.001	0.002	0.011
10.900	1.014	0.595	0.000	0.007	0.000	0.525	0.000	0.000	0.214	0.000	0.493	0.005	0.001	0.252	0.000	0.458	0.000	0.000	0.705	0.202	0.008	0.002	0.002	0.013
11.000	1.013	0.598	0.000	0.008	0.000	0.527	0.000	0.000	0.224	0.000	0.497	0.005	0.003	0.256	0.000	0.461	0.000	0.000	0.707	0.206	0.007	0.002	0.002	0.011
11.100	1.014	0.602	0.000	0.007	0.000	0.533	0.000	0.000	0.231	0.000	0.501	0.005	0.001	0.261	0.000	0.464	0.000	0.000	0.707	0.210	0.007	0.001	0.001	0.011
11.200	1.014	0.606	0.001	0.007	0.000	0.537	0.000	0.000	0.239	0.000	0.503	0.004	0.002	0.264	0.000	0.467	0.000	0.000	0.710	0.215	0.008	0.000	0.002	0.011
11.300	1.015	0.609	0.000	0.007	0.000	0.540	0.000	0.000	0.244	0.000	0.506	0.006	0.002	0.268	0.000	0.471	0.000	0.000	0.714	0.222	0.009	0.002	0.001	0.011
11.400	1.014	0.614	0.000	0.006	0.000	0.544	0.000	0.000	0.250	0.000	0.509	0.004	0.004	0.270	0.000	0.474	0.000	0.000	0.712	0.224	0.007	0.001	0.002	0.011
11.500	1.015	0.617	0.000	0.008	0.000	0.548	0.000	0.000	0.256	0.000	0.513	0.005	0.001	0.275	0.000	0.476	0.000	0.000	0.714	0.229	0.009	0.002	0.002	0.012
11.600	1.015	0.618	0.000	0.006	0.000	0.552	0.000	0.000	0.261	0.000	0.516	0.006	0.003	0.280	0.000	0.480	0.000	0.000	0.716	0.233	0.010	0.001	0.002	0.011
11.700	1.015	0.624	0.001	0.007	0.000	0.556	0.000	0.000	0.265	0.000	0.519	0.004	0.003	0.284	0.000	0.484	0.000	0.000	0.717	0.240	0.007	0.001	0.002	0.011
11.800	1.016	0.624	0.000	0.007	0.000	0.558	0.000	0.000	0.269	0.000	0.523	0.005	0.001	0.288	0.000	0.487	0.000	0.000	0.722	0.246	0.008	0.001	0.002	0.011
11.900	1.015	0.626	0.001	0.007	0.000	0.559	0.000	0.000	0.273	0.000	0.525	0.005	0.003	0.291	0.000	0.488	0.000	0.000	0.722	0.250	0.008	0.001	0.002	0.011
12.000	1.017	0.629	0.000	0.008	0.000	0.562	0.000	0.000	0.279	0.000	0.529	0.005	0.004	0.295	0.000	0.493	0.000	0.000	0.724	0.255	0.007	0.001	0.002	0.011
12.100	1.017	0.631	0.000	0.007	0.000	0.566	0.000	0.000	0.285	0.000	0.530	0.005	0.001	0.301	0.000	0.496	0.000	0.000	0.725	0.260	0.008	0.001	0.002	0.010
12.200	1.017	0.635	0.000	0.008	0.000	0.568	0.000	0.000	0.290	0.000	0.532	0.005	0.002	0.302	0.000	0.500	0.000	0.000	0.729	0.266	0.007	0.001	0.004	0.010
12.300	1.018	0.635	0.000	0.007	0.000	0.572	0.000	0.000	0.294	0.000	0.535	0.005	0.002	0.306	0.000	0.501	0.000	0.000	0.730	0.273	0.007	0.001	0.002	0.012
12.400	1.017	0.637	0.000	0.007	0.000	0.573	0.000	0.000	0.301	0.000	0.539	0.005	0.002	0.311	0.000	0.507	0.000	0.000	0.734	0.276	0.007	0.001	0.004	0.012
12.500	1.018	0.640	0.001	0.007	0.000	0.576	0.000	0.000	0.305	0.000	0.542	0.005	0.003	0.314	0.000	0.508	0.000	0.000	0.735	0.282	0.007	0.000	0.002	0.011
12.600	1.018	0.641	0.000	0.007	0.000	0.579	0.000	0.000	0.308	0.000	0.544	0.005	0.001	0.316	0.000	0.511	0.000	0.000	0.735	0.284	0.006	0.000	0.002	0.010
12.700	1.020	0.645	0.000	0.007	0.000	0.581	0.000	0.000	0.313	0.000	0.547	0.005	0.003	0.320	0.000	0.513	0.000	0.000	0.738	0.288	0.007	0.001	0.002	0.010
12.800	1.019	0.649	0.000	0.007	0.000	0.582	0.000	0.000	0.315	0.000	0.547	0.005	0.004	0.323	0.000	0.515	0.000	0.000	0.738	0.293	0.007	0.001	0.004	0.012
12.900	1.020	0.648	0.000	0.007	0.000	0.585	0.000	0.000	0.321	0.000	0.549	0.006	0.003	0.327	0.000	0.519	0.000	0.000	0.740	0.295	0.008	0.001	0.002	0.010
13.000	1.019	0.651	0.024	0.008	0.000	0.586	0.000	0.000	0.324	0.000	0.551	0.006	0.002	0.329	0.000	0.520	0.000	0.000	0.743	0.301	0.007	0.001	0.003	0.011
13.100	1.020	0.653	0.040	0.008	0.000	0.590	0.000	0.000	0.327	0.000	0.555	0.005	0.002	0.333	0.000	0.523	0.000	0.000	0.745	0.304	0.007	0.000	0.004	0.012
13.200	1.019	0.655	0.047	0.007	0.000	0.592	0.000	0.000	0.331	0.000	0.556	0.005	0.002	0.337	0.000	0.526	0.000	0.000	0.745	0.307	0.007	0.001	0.002	0.009
13.300	1.019	0.656	0.052	0.006	0.000	0.595	0.000	0.000	0.335	0.000	0.558	0.007	0.001	0.340	0.000	0.527	0.000	0.000	0.747	0.310	0.007	0.001	0.002	0.010
13.400	1.021	0.660	0.062	0.005	0.000	0.596	0.000	0.000	0.339	0.000	0.559	0.004	0.001	0.341	0.000	0.530	0.000	0.000	0.748	0.316	0.007	0.001	0.003	0.011
13.500	1.020	0.662	0.071	0.007	0.000	0.597	0.000	0.000	0.340	0.000	0.560	0.005	0.001	0.343	0.000	0.532	0.000	0.000	0.751	0.316	0.007	0.001	0.003	0.010
13.600	1.021	0.664	0.083	0.007	0.000	0.600	0.000	0.000	0.345	0.000	0.563	0.005	0.001	0.349	0.000	0.535	0.000	0.000	0.750	0.321	0.008	0.000	0.005	0.011
13.700	1.021	0.666	0.089	0.007	0.000	0.604	0.000	0.000	0.349	0.000	0.564	0.006	0.002	0.351	0.000	0.537	0.000	0.000	0.753	0.326	0.007	0.001	0.004	0.010
13.800	1.022	0.669	0.098	0.009	0.000	0.605	0.000	0.000	0.351	0.000	0.567	0.005	0.001	0.355	0.000	0.539	0.000	0.000	0.754	0.328	0.007	0.001	0.003	0.010
13.900	1.020	0.670	0.104	0.007	0.000	0.609	0.000	0.000	0.355	0.000	0.568	0.005	0.003	0.359	0.000	0.541	0.000	0.000	0.755	0.333	0.006	0.001	0.004	0.009
14.000	1.022	0.670	0.109	0.007	0.000	0.609	0.000	0.000	0.357	0.000	0.571	0.004	0.003	0.361	0.000	0.542	0.000	0.000	0.757	0.336	0.009	0.001	0.002	0.011
14.100	1.022	0.673	0.113	0.007	0.000	0.611	0.000	0.000	0.360	0.000	0.573	0.005	0.002	0.364	0.000	0.546	0.000	0.000	0.758	0.341	0.008	0.001	0.004	0.011
14.200	1.021	0.673	0.118	0.008	0.000	0.612	0.000	0.000	0.363	0.000	0.576	0.005	0.001	0.369	0.000	0.551	0.000	0.000	0.758	0.346	0.006	0.002	0.004	0.011
14.300	1.022	0.677	0.121	0.007	0.000	0.615	0.000	0.000	0.367	0.000	0.576	0.004	0.001	0.370	0.000	0.552	0.000	0.000	0.760	0.348	0.007	0.002	0.003	0.011
14.400	1.022	0.675	0.124	0.009	0.000	0.616	0.000	0.000	0.371	0.000	0.580	0.005	0.001	0.374	0.000	0.555	0.000	0.000	0.764	0.352	0.007	0.000	0.003	0.009
14.500	1.025	0.678	0.128	0.007	0.000	0.620	0.000	0.000	0.374	0.000	0.580	0.005	0.003	0.378	0.000	0.556	0.000	0.000	0.766	0.356	0.007	0.001	0.002	0.009
14.600	1.025	0.680	0.130	0.005	0.000	0.622	0.000	0.000	0.379	0.000	0.582	0.005	0.001	0.378	0.000	0.559	0.000	0.000	0.765	0.359	0.008	0.001	0.002	0.010
14.700	1.022	0.683	0.136	0.006	0.000	0.624	0.000	0.000	0.384	0.000	0.585	0.005	0.002	0.381	0.000	0.561	0.000	0.000	0.768	0.361	0.008	0.001	0.003	0.011
14.800	1.022	0.685	0.138	0.007	0.000	0.625	0.000	0.000	0.388	0.000	0.587	0.005	0.003	0.385	0.000	0.562	0.000	0.000	0.768	0.366	0.006	0.001	0.002	0.011
14.900	1.025	0.686	0.142	0.008	0.000	0.627	0.000	0.000	0.392	0.000	0.589	0.005	0.002	0.389	0.000	0.565	0.000	0.000	0.770	0.368	0.007	0.001	0.003	0.010
15.000	1.025	0.688	0.145	0.007	0.000	0.629	0.000	0.000	0.394	0.000	0.591	0.007	0.002	0.391	0.000	0.569	0.000	0.000	0.770	0.372	0.007	0.001	0.002	0.007
15.100	1.025	0.690	0.148	0.007	0.000	0.630	0.000	0.000	0.398	0.000	0.592	0.005	0.002	0.393	0.000	0.569	0.000	0.000	0.774	0.376	0.007	0.004	0.003	0.008
15.200	1.025	0.689	0.151	0.006	0.000	0.633	0.000	0.000	0.403	0.000	0.594	0.005	0.002	0.397	0.000	0.573	0.000	0.000	0.774	0.379	0.008	0.001	0.002	0.011
15.300	1.023	0.692	0.153	0.006	0.000	0.633	0.000	0.000	0.407	0.000	0.595	0.005	0.003	0.398	0.000	0.575	0.000	0.000	0.775	0.382	0.007	0.000	0.003	0.008
15.400	1.026	0.693	0.157	0.007	0.000	0.634	0.000	0.000	0.409	0.000	0.597	0.005	0.002	0.402	0.000	0.577	0.000	0.000	0.777	0.385	0.008	0.002	0.002	0.009
15.500	1.025	0.695	0.158	0.007	0.000	0.638	0.000	0.000	0.413	0.000	0.598	0.005	0.002	0.405	0.000	0.578	0.000	0.000	0.777	0.388	0.007	0.001	0.002	0.011
15.600	1.027	0.695	0.162	0.007	0.000	0.638	0.000	0.000	0.415	0.000	0.601	0.005	0.002	0.407	0.000	0.581	0.000	0.000	0.777	0.392	0.006	0.001	0.003	0.008
15.700	1.026	0.696	0.164	0.007	0.000	0.638	0.000	0.000	0.417	0.000	0.603	0.005	0.001	0.410	0.000	0.580	0.000	0.000	0.781	0.395	0.006	0.001	0.003	0.010
15.800	1.026	0.700	0.167	0.006	0.000	0.640	0.000	0.000	0.422	0.000	0.604	0.006	0.001	0.412	0.000	0.584	0.000	0.000	0.781	0.396	0.006	0.001	0.003	0.010
15.900	1.026	0.700	0.170	0.007	0.000	0.641	0.000	0.000	0.425	0.000	0.607	0.005	0.002	0.415	0.000	0.587	0.000	0.000	0.784	0.398	0.008	0.001	0.002	0.011
16.000	1.026	0.700	0.174	0.008	0.000	0.643	0.000	0.000	0.428	0.000	0.607	0.005	0.002	0.417	0.000	0.588	0.000	0.000	0.785	0.402	0.008	0.001	0.004	0.009
16.100	1.026	0.702	0.178	0.007	0.000	0.647	0.000	0.000	0.429	0.000	0.608	0.005	0.003	0.421	0.000	0.589	0.000	0.000	0.785	0.405	0.028	0.002	0.003	0.010
16.200	1.026	0.703	0.179	0.008	0.000	0.647	0.000	0.000	0.434	0.000	0.610	0.005	0.002	0.424	0.000	0.592	0.000	0.000	0.788	0.409	0.031	0.001	0.004	0.011
16.300	1.026	0.704	0.184	0.007	0.000	0.649	0.000	0.000	0.434	0.000	0.611	0.005	0.003	0.425	0.000	0.596	0.000	0.000	0.788	0.412	0.037	0.000	0.002	0.010
16.400	1.027	0.705	0.187	0.007	0.000	0.650	0.000	0.000	0.436	0.000	0.614	0.004	0.001	0.426	0.000	0.597	0.000	0.000	0.789	0.416	0.044	0.000	0.003	0.011
16.500	1.028	0.708	0.189	0.007	0.000	0.653	0.000	0.000	0.441	0.000	0.616	0.004	0.003	0.429	0.000	0.599	0.000	0.001	0.790	0.417	0.050	0.000	0.004	0.009
16.600	1.027	0.709	0.191	0.005	0.000	0.654	0.000	0.000	0.445	0.000	0.617	0.005	0.002	0.431	0.000	0.601	0.000	0.000	0.791	0.422	0.056	0.001	0.002	0.011
16.700	1.028	0.710	0.195	0.007	0.000	0.654	0.000	0.000	0.446	0.000	0.619	0.006	0.002	0.434	0.000	0.602	0.000	0.000	0.793	0.423	0.061	0.001	0.004	0.011
16.800	1.028	0.711	0.198	0.007	0.000	0.657	0.000	0.000	0.449	0.000	0.620	0.006	0.001	0.438	0.000	0.604	0.000	0.000	0.794	0.426	0.067	0.001	0.002	0.011
16.900	1.027	0.712	0.201	0.007	0.000	0.657	0.000	0.000	0.451	0.000	0.621	0.005	0.002	0.440	0.000	0.603	0.000	0.001	0.793	0.429	0.073	0.001	0.002	0.011
17.000	1.028	0.713	0.201	0.008	0.000	0.659	0.000	0.000	0.453	0.000	0.623	0.005	0.002	0.443	0.000	0.607	0.000	0.000	0.796	0.432	0.080	0.001	0.003	0.011
17.100	1.028	0.714	0.205	0.009	0.000	0.660	0.000	0.000	0.457	0.000	0.624	0.005	0.003	0.447	0.000	0.610	0.000	0.000	0.797	0.436	0.089	0.001	0.003	0.011
17.200	1.028	0.717	0.208	0.008	0.000	0.661	0.000	0.000	0.460	0.000	0.626	0.005	0.001	0.448	0.000	0.612	0.000	0.000	0.797	0.439	0.094	0.002	0.002	0.008
17.300	1.028	0.715	0.210	0.007	0.000	0.663	0.000	0.000	0.464	0.000	0.627	0.007	0.002	0.450	0.000	0.614	0.000	0.000	0.800	0.442	0.100	0.001	0.002	0.011
17.400	1.029	0.719	0.211	0.007	0.000	0.664	0.000	0.000	0.466	0.000	0.628	0.005	0.002	0.452	0.000	0.616	0.000	0.000	0.800	0.445	0.108	0.000	0.002	0.011
17.500	1.030	0.719	0.214	0.006	0.000	0.666	0.000	0.000	0.468	0.000	0.631	0.006	0.001	0.456	0.000	0.619	0.000	0.000	0.801	0.447	0.113	0.000	0.001	0.010
17.600	1.029	0.719	0.217	0.008	0.000	0.669	0.000	0.000	0.469	0.000	0.633	0.005	0.003	0.457	0.000	0.618	0.000	0.000	0.803	0.451	0.121	0.002	0.001	0.010
17.700	1.031	0.722	0.219	0.007	0.000	0.669	0.000	0.000	0.474	0.000	0.633	0.005	0.003	0.457	0.000	0.620	0.000	0.000	0.804	0.451	0.125	0.001	0.001	0.009
17.800	1.028	0.724	0.223	0.009	0.000	0.670	0.000	0.000	0.476	0.000	0.635	0.015	0.004	0.460	0.000	0.620	0.000	0.000	0.803	0.453	0.130	0.001	0.002	0.011
17.900	1.029	0.724	0.222	0.008	0.000	0.671	0.000	0.000	0.475	0.000	0.634	0.020	0.002	0.462	0.000	0.623	0.000	0.000	0.806	0.457	0.136	0.001	0.002	0.012
18.000	1.029	0.725	0.224	0.007	0.000	0.672	0.000	0.000	0.480	0.000	0.637	0.022	0.001	0.466	0.000	0.625	0.000	0.000	0.806	0.460	0.141	0.001	0.002	0.008
18.100	1.030	0.725	0.228	0.007	0.000	0.673	0.000	0.000	0.480	0.000	0.638	0.026	0.003	0.467	0.000	0.627	0.000	0.000	0.806	0.462	0.146	0.002	0.002	0.010
18.200	1.029	0.725	0.230	0.008	0.000	0.673	0.000	0.000	0.484	0.000	0.640	0.026	0.003	0.469	0.000	0.627	0.000	0.001	0.810	0.465	0.153	0.001	0.003	0.010
18.300	1.029	0.726	0.232	0.007	0.000	0.674	0.000	0.000	0.485	0.000	0.640	0.031	0.002	0.472	0.000	0.630	0.008	0.000	0.810	0.467	0.158	0.001	0.002	0.012
18.400	1.031	0.728	0.232	0.008	0.000	0.675	0.000	0.000	0.487	0.000	0.642	0.031	0.001	0.474	0.000	0.633	0.011	0.000	0.811	0.470	0.164	0.001	0.003	0.009
18.500	1.031	0.729	0.235	0.006	0.000	0.678	0.000	0.000	0.488	0.000	0.642	0.035	0.002	0.475	0.000	0.633	0.011	0.000	0.810	0.472	0.167	0.000	0.004	0.011
18.600	1.031	0.730	0.237	0.009	0.000	0.677	0.000	0.000	0.489	0.000	0.643	0.038	0.001	0.476	0.000	0.634	0.017	0.000	0.813	0.472	0.172	0.000	0.002	0.010
18.700	1.031	0.731	0.239	0.007	0.000	0.679	0.000	0.000	0.493	0.000	0.647	0.039	0.001	0.479	0.000	0.638	0.021	0.000	0.811	0.477	0.176	0.001	0.004	0.009
18.800	1.031	0.732	0.242	0.009	0.000	0.679	0.000	0.000	0.494	0.000	0.647	0.041	0.001	0.479	0.000	0.640	0.024	0.000	0.814	0.479	0.183	0.002	0.004	0.009
18.900	1.031	0.733	0.244	0.007	0.000	0.680	0.000	0.000	0.495	0.000	0.649	0.043	0.001	0.483	0.000	0.640	0.028	0.001	0.815	0.479	0.186	0.001	0.003	0.010
19.000	1.030	0.733	0.244	0.007	0.000	0.682	0.000	0.000	0.497	0.000	0.650	0.045	0.002	0.484	0.000	0.640	0.030	0.000	0.815	0.483	0.189	0.001	0.003	0.010
19.100	1.031	0.734	0.249	0.007	0.000	0.683	0.000	0.000	0.500	0.000	0.650	0.046	0.003	0.486	0.000	0.643	0.033	0.000	0.816	0.482	0.190	0.002	0.003	0.011
19.200	1.032	0.734	0.249	0.006	0.000	0.683	0.000	0.000	0.500	0.000	0.652	0.048	0.002	0.488	0.000	0.643	0.035	0.000	0.816	0.486	0.194	0.002	0.003	0.011
19.300	1.032	0.736	0.250	0.007	0.000	0.683	0.000	0.000	0.504	0.000	0.652	0.049	0.003	0.488	0.000	0.644	0.040	0.000	0.817	0.488	0.195	0.001	0.002	0.011
19.400	1.034	0.738	0.252	0.007	0.000	0.685	0.000	0.000	0.504	0.000	0.654	0.052	0.003	0.489	0.000	0.645	0.043	0.000	0.819	0.489	0.198	0.003	0.003	0.009
19.500	1.032	0.738	0.254	0.009	0.000	0.687	0.000	0.000	0.506	0.000	0.654	0.053	0.001	0.493	0.000	0.647	0.046	0.001	0.817	0.489	0.198	0.000	0.003	0.009
19.600	1.032	0.739	0.256	0.005	0.000	0.688	0.000	0.000	0.508	0.000	0.656	0.057	0.002	0.495	0.000	0.649	0.049	0.000	0.822	0.491	0.203	0.001	0.002	0.011
19.700	1.033	0.739	0.259	0.008	0.000	0.689	0.000	0.000	0.510	0.000	0.659	0.058	0.003	0.495	0.000	0.649	0.052	0.000	0.822	0.493	0.206	0.001	0.002	0.011
19.800	1.032	0.740	0.258	0.007	0.000	0.690	0.000	0.000	0.511	0.000	0.659	0.059	0.002	0.497	0.000	0.652	0.056	0.000	0.822	0.494	0.207	0.001	0.002	0.009
19.900	1.031	0.740	0.262	0.007	0.000	0.690	0.000	0.000	0.513	0.000	0.660	0.064	0.002	0.500	0.000	0.652	0.061	0.000	0.821	0.496	0.212	0.001	0.002	0.011
20.000	1.033	0.741	0.263	0.008	0.000	0.691	0.000	0.000	0.515	0.000	0.661	0.064	0.002	0.500	0.000	0.652	0.064	0.000	0.823	0.498	0.213	0.001	0.002	0.010
20.100	1.034	0.743	0.266	0.007	0.000	0.692	0.000	0.000	0.516	0.000	0.662	0.067	0.004	0.500	0.000	0.652	0.067	0.000	0.823	0.500	0.217	0.000	0.003	0.009
20.200	1.031	0.745	0.267	0.009	0.000	0.693	0.000	0.000	0.518	0.000	0.663	0.069	0.002	0.502	0.000	0.656	0.071	0.000	0.823	0.502	0.221	0.001	0.002	0.010
20.300	1.034	0.746	0.269	0.007	0.000	0.692	0.000	0.000	0.519	0.000	0.664	0.070	0.002	0.504	0.000	0.654	0.074	0.001	0.826	0.504	0.225	0.001	0.003	0.010
20.400	1.032	0.746	0.271	0.009	0.000	0.694	0.000	0.000	0.520	0.000	0.665	0.072	0.003	0.505	0.000	0.657	0.076	0.001	0.825	0.504	0.228	0.001	0.004	0.012
20.500	1.032	0.745	0.272	0.009	0.000	0.695	0.000	0.000	0.522	0.000	0.666	0.074	0.002	0.507	0.000	0.657	0.080	0.000	0.825	0.506	0.229	0.001	0.002	0.011
20.600	1.032	0.746	0.273	0.007	0.000	0.696	0.000	0.000	0.525	0.000	0.667	0.076	0.002	0.510	0.000	0.660	0.083	0.000	0.827	0.510	0.234	0.001	0.002	0.011
20.700	1.032	0.748	0.276	0.007	0.000	0.697	0.000	0.000	0.526	0.000	0.668	0.078	0.001	0.509	0.000	0.660	0.086	0.000	0.828	0.510	0.236	0.000	0.004	0.010
20.800	1.032	0.748	0.275	0.005	0.000	0.699	0.000	0.000	0.527	0.000	0.667	0.078	0.001	0.511	0.000	0.661	0.088	0.000	0.829	0.511	0.240	0.001	0.002	0.011
20.900	1.033	0.750	0.279	0.008	0.000	0.698	0.000	0.000	0.528	0.000	0.668	0.083	0.003	0.513	0.000	0.664	0.092	0.000	0.828	0.515	0.244	0.001	0.002	0.011
21.000	1.032	0.751	0.278	0.007	0.000	0.700	0.000	0.000	0.530	0.000	0.670	0.083	0.002	0.515	0.000	0.666	0.095	0.001	0.830	0.517	0.247	0.001	0.002	0.010
21.100	1.032	0.752	0.280	0.006	0.000	0.701	0.000	0.000	0.531	0.000	0.673	0.084	0.001	0.518	0.000	0.666	0.098	0.000	0.830	0.519	0.249	0.001	0.003	0.009
21.200	1.033	0.752	0.280	0.006	0.000	0.702	0.000	0.000	0.532	0.000	0.673	0.086	0.001	0.519	0.000	0.667	0.099	0.000	0.831	0.520	0.251	0.000	0.003	0.009
21.300	1.034	0.750	0.284	0.008	0.000	0.701	0.000	0.000	0.530	0.000	0.674	0.088	0.002	0.519	0.000	0.667	0.100	0.000	0.832	0.520	0.254	0.002	0.002	0.010
21.400	1.032	0.751	0.285	0.007	0.000	0.701	0.000	0.000	0.534	0.000	0.674	0.089	0.001	0.519	0.000	0.668	0.104	0.000	0.833	0.523	0.256	0.001	0.002	0.010
21.500	1.033	0.753	0.284	0.005	0.000	0.703	0.000	0.000	0.536	0.000	0.675	0.090	0.004	0.520	0.000	0.669	0.107	0.000	0.833	0.522	0.259	0.001	0.001	0.010
21.600	1.034	0.755	0.285	0.006	0.000	0.702	0.000	0.000	0.534	0.000	0.676	0.092	0.001	0.521	0.000	0.669	0.107	0.000	0.833	0.527	0.259	0.002	0.002	0.011
21.700	1.035	0.753	0.287	0.006	0.000	0.702	0.001	0.000	0.536	0.000	0.676	0.093	0.002	0.523	0.000	0.669	0.110	0.000	0.835	0.525	0.263	0.001	0.003	0.010
21.800	1.034	0.754	0.287	0.007	0.000	0.705	0.002	0.000	0.537	0.000	0.676	0.095	0.001	0.523	0.000	0.670	0.112	0.001	0.833	0.527	0.262	0.001	0.002	0.010
21.900	1.034	0.754	0.288	0.007	0.000	0.704	0.004	0.000	0.537	0.000	0.676	0.098	0.004	0.526	0.000	0.674	0.115	0.000	0.835	0.529	0.268	0.002	0.003	0.010
22.000	1.033	0.755	0.289	0.007	0.000	0.707	0.005	0.000	0.538	0.000	0.678	0.102	0.002	0.528	0.000	0.673	0.117	0.000	0.834	0.530	0.269	0.001	0.002	0.010
22.100	1.033	0.755	0.292	0.007	0.000	0.707	0.008	0.000	0.540	0.000	0.679	0.103	0.002	0.529	0.000	0.675	0.121	0.000	0.836	0.532	0.271	0.001	0.004	0.011
22.200	1.035	0.755	0.294	0.007	0.000	0.707	0.010	0.000	0.541	0.000	0.680	0.107	0.003	0.531	0.000	0.677	0.122	0.000	0.836	0.533	0.273	0.000	0.004	0.011
22.300	1.034	0.756	0.295	0.007	0.000	0.710	0.012	0.000	0.545	0.000	0.681	0.106	0.002	0.532	0.000	0.678	0.125	0.000	0.837	0.533	0.276	0.001	0.003	0.011
22.400	1.035	0.760	0.297	0.007	0.000	0.710	0.014	0.000	0.546	0.000	0.683	0.108	0.002	0.533	0.000	0.678	0.128	0.001	0.838	0.536	0.280	0.001	0.004	0.011
22.500	1.035	0.761	0.300	0.006	0.000	0.710	0.016	0.000	0.548	0.000	0.685	0.112	0.002	0.535	0.000	0.680	0.131	0.001	0.837	0.537	0.280	0.002	0.002	0.011
22.600	1.034	0.760	0.302	0.007	0.000	0.712	0.019	0.000	0.547	0.000	0.685	0.112	0.001	0.536	0.000	0.679	0.132	0.000	0.839	0.538	0.283	0.002	0.001	0.009
22.700	1.035	0.759	0.303	0.007	0.000	0.712	0.021	0.000	0.549	0.000	0.686	0.114	0.002	0.536	0.000	0.682	0.134	0.000	0.839	0.539	0.285	0.001	0.002	0.012
22.800	1.036	0.761	0.305	0.008	0.000	0.714	0.023	0.000	0.552	0.000	0.686	0.117	0.001	0.537	0.000	0.683	0.138	0.000	0.842	0.544	0.288	0.001	0.002	0.011
22.900	1.036	0.763	0.306	0.007	0.000	0.715	0.024	0.000	0.552	0.000	0.688	0.117	0.002	0.539	0.000	0.683	0.141	0.000	0.842	0.543	0.292	0.002	0.002	0.010
23.000	1.035	0.762	0.308	0.007	0.000	0.715	0.026	0.000	0.553	0.000	0.690	0.119	0.001	0.541	0.000	0.683	0.144	0.000	0.842	0.544	0.292	0.000	0.002	0.012
23.100	1.035	0.764	0.309	0.007	0.000	0.717	0.028	0.000	0.556	0.000	0.690	0.124	0.004	0.542	0.000	0.685	0.146	0.000	0.842	0.546	0.294	0.001	0.002	0.009
23.200	1.035	0.765	0.311	0.009	0.000	0.718	0.029	0.000	0.556	0.000	0.691	0.125	0.001	0.545	0.000	0.685	0.148	0.000	0.844	0.547	0.296	0.001	0.001	0.011
23.300	1.035	0.765	0.313	0.009	0.000	0.717	0.031	0.000	0.558	0.000	0.691	0.127	0.003	0.546	0.000	0.686	0.149	0.000	0.844	0.549	0.298	0.001	0.001	0.011
23.400	1.035	0.767	0.314	0.007	0.000	0.719	0.034	0.000	0.559	0.000	0.692	0.127	0.003	0.545	0.000	0.687	0.151	0.000	0.843	0.548	0.298	0.001	0.002	0.011
23.500	1.036	0.766	0.316	0.007	0.000	0.720	0.034	0.000	0.561	0.000	0.693	0.131	0.002	0.548	0.000	0.688	0.153	0.000	0.844	0.550	0.301	0.001	0.001	0.011
23.600	1.035	0.767	0.319	0.007	0.000	0.719	0.037	0.000	0.561	0.000	0.692	0.131	0.001	0.548	0.000	0.688	0.156	0.000	0.844	0.552	0.303	0.001	0.001	0.010
23.700	1.036	0.767	0.320	0.007	0.000	0.722	0.039	0.000	0.563	0.000	0.694	0.133	0.001	0.548	0.000	0.688	0.157	0.000	0.844	0.553	0.307	0.001	0.002	0.010
23.800	1.036	0.767	0.321	0.007	0.000	0.722	0.042	0.000	0.564	0.000	0.695	0.136	0.002	0.551	0.000	0.693	0.159	0.001	0.847	0.552	0.305	0.001	0.001	0.011
23.900	1.035	0.768	0.323	0.008	0.000	0.722	0.043	0.000	0.565	0.000	0.695	0.137	0.002	0.551	0.000	0.693	0.162	0.000	0.844	0.555	0.307	0.002	0.001	0.010
24.000	1.036	0.768	0.326	0.007	0.000	0.722	0.044	0.000	0.566	0.000	0.697	0.138	0.002	0.554	0.000	0.693	0.162	0.000	0.846	0.556	0.310	0.001	0.002	0.010
24.100	1.036	0.769	0.326	0.007	0.000	0.724	0.047	0.000	0.568	0.000	0.697	0.139	0.001	0.554	0.000	0.693	0.164	0.001	0.846	0.557	0.312	0.001	0.002	0.008
24.200	1.036	0.770	0.328	0.007	0.000	0.726	0.050	0.000	0.567	0.000	0.698	0.141	0.004	0.555	0.000	0.693	0.168	0.000	0.847	0.559	0.314	0.001	0.002	0.010
24.300	1.035	0.767	0.330	0.006	0.000	0.725	0.052	0.000	0.569	0.000	0.698	0.141	0.001	0.556	0.000	0.694	0.168	0.000	0.848	0.558	0.315	0.002	0.004	0.011
24.400	1.035	0.770	0.330	0.007	0.000	0.726	0.053	0.000	0.571	0.000	0.700	0.144	0.002	0.556	0.000	0.695	0.170	0.000	0.847	0.560	0.317	0.001	0.002	0.009
24.500	1.036	0.771	0.331	0.007	0.000	0.726	0.056	0.000	0.569	0.000	0.698	0.146	0.002	0.558	0.000	0.695	0.172	0.000	0.849	0.561	0.319	0.000	0.004	0.010
24.600	1.036	0.770	0.333	0.008	0.000	0.727	0.057	0.000	0.573	0.000	0.701	0.148	0.003	0.558	0.000	0.696	0.174	0.000	0.849	0.564	0.323	0.002	0.003	0.013
24.700	1.038	0.772	0.334	0.005	0.000	0.726	0.059	0.000	0.573	0.000	0.700	0.148	0.002	0.559	0.000	0.698	0.177	0.000	0.849	0.565	0.323	0.001	0.003	0.011
24.800	1.037	0.773	0.337	0.009	0.000	0.728	0.062	0.000	0.574	0.000	0.703	0.150	0.002	0.561	0.000	0.697	0.179	0.000	0.850	0.565	0.326	0.001	0.002	0.010
24.900	1.037	0.773	0.335	0.010	0.000	0.729	0.063	0.000	0.574	0.000	0.703	0.151	0.003	0.561	0.000	0.700	0.181	0.000	0.851	0.566	0.328	0.001	0.002	0.011
25.000	1.036	0.775	0.340	0.007	0.000	0.730	0.064	0.000	0.575	0.000	0.704	0.153	0.001	0.563	0.000	0.702	0.182	0.000	0.851	0.567	0.330	0.001	0.002	0.010
25.100	1.036	0.775	0.340	0.007	0.000	0.731	0.067	0.000	0.577	0.000	0.703	0.155	0.003	0.565	0.000	0.702	0.184	0.001	0.851	0.568	0.331	0.001	0.002	0.010
25.200	1.036	0.775	0.343	0.007	0.000	0.731	0.070	0.000	0.576	0.000	0.705	0.156	0.003	0.564	0.000	0.702	0.187	0.000	0.851	0.569	0.331	0.001	0.002	0.011
25.300	1.037	0.777	0.344	0.007	0.000	0.732	0.070	0.000	0.579	0.000	0.705	0.157	0.001	0.566	0.000	0.703	0.187	0.000	0.853	0.569	0.333	0.002	0.003	0.011
25.400	1.038	0.777	0.343	0.008	0.000	0.731	0.073	0.000	0.580	0.000	0.707	0.158	0.003	0.567	0.000	0.704	0.191	0.000	0.852	0.571	0.335	0.001	0.002	0.009
25.500	1.037	0.777	0.346	0.007	0.000	0.733	0.078	0.000	0.580	0.000	0.707	0.160	0.002	0.569	0.000	0.705	0.193	0.000	0.852	0.572	0.338	0.000	0.002	0.011
25.600	1.036	0.777	0.347	0.007	0.000	0.734	0.077	0.000	0.581	0.000	0.706	0.163	0.003	0.569	0.000	0.704	0.194	0.000	0.855	0.574	0.338	0.001	0.002	0.011
25.700	1.038	0.778	0.350	0.006	0.000	0.734	0.079	0.000	0.583	0.000	0.707	0.161	0.002	0.571	0.000	0.706	0.195	0.000	0.853	0.575	0.340	0.000	0.002	0.009
25.800	1.036	0.779	0.351	0.008	0.000	0.734	0.081	0.000	0.584	0.000	0.709	0.165	0.002	0.572	0.000	0.706	0.197	0.000	0.855	0.576	0.341	0.001	0.003	0.010
25.900	1.037	0.779	0.351	0.008	0.000	0.736	0.083	0.000	0.585	0.000	0.711	0.167	0.002	0.572	0.000	0.709	0.199	0.000	0.855	0.576	0.345	0.015	0.002	0.011
26.000	1.036	0.780	0.353	0.007	0.000	0.735	0.084	0.000	0.586	0.000	0.711	0.168	0.002	0.574	0.000	0.707	0.199	0.000	0.856	0.578	0.346	0.021	0.003	0.011
26.100	1.037	0.781	0.356	0.007	0.000	0.738	0.089	0.000	0.587	0.000	0.710	0.170	0.003	0.575	0.000	0.708	0.201	0.000	0.856	0.579	0.346	0.026	0.002	0.008
26.200	1.038	0.782	0.356	0.009	0.000	0.737	0.090	0.000	0.587	0.000	0.712	0.170	0.001	0.575	0.000	0.710	0.203	0.001	0.856	0.580	0.347	0.028	0.002	0.011
26.300	1.036	0.780	0.358	0.008	0.000	0.738	0.093	0.000	0.588	0.000	0.712	0.172	0.001	0.576	0.000	0.710	0.204	0.000	0.856	0.580	0.350	0.031	0.002	0.011
26.400	1.037	0.784	0.360	0.008	0.000	0.739	0.095	0.000	0.589	0.000	0.711	0.173	0.001	0.575	0.000	0.710	0.207	0.000	0.857	0.582	0.352	0.034	0.002	0.010
26.500	1.037	0.784	0.361	0.007	0.000	0.741	0.097	0.000	0.591	0.000	0.712	0.175	0.002	0.577	0.000	0.710	0.209	0.000	0.858	0.582	0.353	0.037	0.002	0.010
26.600	1.037	0.785	0.363	0.008	0.000	0.739	0.102	0.000	0.592	0.000	0.714	0.177	0.002	0.579	0.000	0.711	0.210	0.000	0.857	0.582	0.355	0.040	0.002	0.010
26.700	1.038	0.786	0.364	0.009	0.000	0.741	0.103	0.000	0.594	0.000	0.714	0.179	0.001	0.578	0.000	0.712	0.211	0.000	0.858	0.584	0.356	0.043	0.001	0.009
26.800	1.038	0.786	0.364	0.008	0.000	0.741	0.104	0.000	0.593	0.000	0.714	0.180	0.003	0.580	0.000	0.714	0.213	0.000	0.857	0.585	0.357	0.045	0.002	0.010
26.900	1.037	0.787	0.366	0.009	0.000	0.741	0.106	0.000	0.595	0.000	0.715	0.182	0.003	0.581	0.000	0.714	0.213	0.000	0.860	0.585	0.358	0.047	0.002	0.011
27.000	1.040	0.785	0.368	0.009	0.000	0.744	0.108	0.000	0.595	0.000	0.716	0.185	0.002	0.580	0.000	0.713	0.214	0.000	0.858	0.587	0.360	0.049	0.002	0.009
27.100	1.039	0.786	0.370	0.008	0.000	0.745	0.108	0.000	0.597	0.000	0.716	0.186	0.002	0.581	0.000	0.715	0.217	0.000	0.858	0.588	0.357	0.050	0.002	0.012
27.200	1.038	0.787	0.370	0.009	0.000	0.745	0.111	0.000	0.597	0.000	0.717	0.187	0.002	0.582	0.000	0.715	0.219	0.000	0.859	0.588	0.360	0.052	0.001	0.010
27.300	1.038	0.789	0.371	0.007	0.000	0.746	0.112	0.000	0.598	0.000	0.718	0.189	0.004	0.583	0.000	0.717	0.219	0.000	0.862	0.587	0.364	0.057	0.002	0.009
27.400	1.039	0.789	0.373	0.008	0.000	0.746	0.114	0.000	0.601	0.000	0.718	0.191	0.003	0.584	0.000	0.717	0.221	0.000	0.859	0.589	0.364	0.057	0.002	0.011
27.500	1.039	0.788	0.374	0.009	0.000	0.747	0.117	0.000	0.599	0.000	0.719	0.192	0.001	0.587	0.000	0.719	0.222	0.000	0.863	0.591	0.366	0.059	0.002	0.011
27.600	1.038	0.790	0.376	0.009	0.000	0.748	0.119	0.000	0.601	0.000	0.721	0.191	0.002	0.587	0.000	0.719	0.223	0.000	0.861	0.591	0.369	0.062	0.002	0.011
27.700	1.039	0.791	0.379	0.007	0.000	0.748	0.122	0.000	0.602	0.000	0.719	0.196	0.003	0.587	0.000	0.717	0.226	0.000	0.863	0.591	0.369	0.063	0.002	0.011
27.800	1.038	0.791	0.380	0.007	0.000	0.750	0.122	0.000	0.603	0.000	0.723	0.196	0.004	0.589	0.000	0.719	0.226	0.000	0.863	0.592	0.369	0.066	0.002	0.011
27.900	1.037	0.793	0.382	0.008	0.000	0.748	0.126	0.000	0.604	0.000	0.722	0.196	0.002	0.590	0.000	0.720	0.228	0.000	0.862	0.594	0.370	0.067	0.001	0.010
28.000	1.039	0.794	0.383	0.009	0.000	0.751	0.128	0.000	0.606	0.000	0.722	0.198	0.001	0.591	0.000	0.720	0.230	0.000	0.865	0.593	0.371	0.069	0.004	0.009
28.100	1.039	0.793	0.384	0.007	0.000	0.750	0.129	0.000	0.607	0.000	0.724	0.199	0.002	0.591	0.000	0.721	0.230	0.000	0.865	0.595	0.372	0.071	0.003	0.012
28.200	1.039	0.793	0.386	0.009	0.000	0.753	0.130	0.000	0.607	0.000	0.724	0.201	0.002	0.592	0.000	0.722	0.232	0.000	0.865	0.596	0.373	0.075	0.001	0.011
28.300	1.038	0.795	0.388	0.009	0.000	0.751	0.133	0.000	0.609	0.000	0.725	0.203	0.004	0.593	0.000	0.721	0.233	0.000	0.863	0.597	0.376	0.078	0.003	0.011
28.400	1.039	0.794	0.387	0.007	0.000	0.753	0.135	0.000	0.608	0.000	0.725	0.204	0.001	0.594	0.000	0.721	0.235	0.000	0.863	0.597	0.376	0.080	0.001	0.010
28.500	1.038	0.794	0.389	0.009	0.000	0.754	0.136	0.000	0.608	0.000	0.725	0.206	0.001	0.594	0.000	0.724	0.235	0.000	0.865	0.599	0.376	0.081	0.002	0.011
28.600	1.039	0.797	0.391	0.008	0.000	0.755	0.139	0.000	0.609	0.000	0.725	0.207	0.001	0.595	0.000	0.725	0.236	0.000	0.863	0.601	0.379	0.083	0.002	0.011
28.700	1.038	0.796	0.392	0.007	0.000	0.754	0.141	0.000	0.611	0.000	0.726	0.209	0.001	0.595	0.000	0.725	0.239	0.000	0.865	0.600	0.379	0.084	0.002	0.011
28.800	1.039	0.797	0.393	0.007	0.000	0.755	0.142	0.000	0.612	0.000	0.727	0.210	0.001	0.595	0.000	0.724	0.240	0.000	0.866	0.600	0.381	0.088	0.002	0.011
28.900	1.038	0.796	0.395	0.007	0.000	0.756	0.144	0.000	0.613	0.000	0.728	0.211	0.001	0.595	0.000	0.725	0.241	0.000	0.866	0.600	0.383	0.089	0.003	0.011
29.000	1.039	0.796	0.395	0.006	0.000	0.755	0.145	0.000	0.613	0.000	0.729	0.213	0.000	0.598	0.000	0.726	0.244	0.000	0.868	0.601	0.383	0.090	0.001	0.011
29.100	1.039	0.800	0.396	0.007	0.000	0.757	0.148	0.000	0.614	0.000	0.729	0.212	0.001	0.599	0.000	0.727	0.246	0.000	0.869	0.605	0.385	0.095	0.004	0.010
29.200	1.040	0.800	0.399	0.007	0.000	0.756	0.149	0.000	0.614	0.000	0.729	0.216	0.002	0.599	0.000	0.728	0.248	0.000	0.868	0.605	0.387	0.097	0.003	0.010
29.300	1.040	0.800	0.399	0.007	0.000	0.757	0.150	0.000	0.616	0.000	0.731	0.216	0.001	0.600	0.000	0.729	0.248	0.000	0.868	0.605	0.388	0.100	0.002	0.012
29.400	1.040	0.801	0.401	0.009	0.000	0.757	0.155	0.000	0.618	0.000	0.730	0.219	0.001	0.601	0.000	0.729	0.249	0.000	0.868	0.607	0.389	0.102	0.002	0.011
29.500	1.038	0.800	0.400	0.005	0.000	0.758	0.153	0.000	0.619	0.000	0.731	0.220	0.004	0.602	0.000	0.729	0.252	0.000	0.868	0.607	0.390	0.104	0.002	0.011
29.600	1.039	0.801	0.402	0.007	0.000	0.759	0.155	0.000	0.619	0.000	0.732	0.220	0.003	0.603	0.000	0.731	0.252	0.000	0.868	0.608	0.389	0.106	0.001	0.010
29.700	1.039	0.803	0.404	0.008	0.000	0.760	0.157	0.000	0.618	0.000	0.732	0.222	0.002	0.602	0.000	0.730	0.254	0.000	0.869	0.608	0.391	0.108	0.002	0.010
29.800	1.039	0.800	0.403	0.008	0.000	0.758	0.157	0.000	0.620	0.000	0.733	0.222	0.003	0.604	0.000	0.731	0.255	0.001	0.869	0.609	0.394	0.111	0.002	0.011
29.900	1.041	0.803	0.405	0.009	0.000	0.759	0.160	0.000	0.620	0.000	0.734	0.225	0.002	0.604	0.000	0.732	0.256	0.000	0.868	0.612	0.395	0.113	0.003	0.012
30.000	1.039	0.803	0.406	0.008	0.000	0.760	0.161	0.000	0.621	0.000	0.733	0.226	0.003	0.605	0.000	0.732	0.258	0.000	0.870	0.611	0.396	0.115	0.002	0.011
30.100	1.039	0.802	0.407	0.007	0.000	0.761	0.162	0.000	0.621	0.000	0.734	0.225	0.002	0.605	0.000	0.734	0.259	0.000	0.869	0.613	0.397	0.118	0.003	0.011
30.200	1.041	0.804	0.408	0.008	0.000	0.760	0.163	0.000	0.623	0.000	0.734	0.227	0.003	0.607	0.000	0.736	0.259	0.000	0.869	0.614	0.398	0.119	0.003	0.011
30.300	1.040	0.806	0.409	0.007	0.000	0.764	0.165	0.000	0.623	0.000	0.736	0.230	0.001	0.608	0.000	0.734	0.261	0.000	0.872	0.613	0.400	0.121	0.002	0.010
30.400	1.041	0.805	0.410	0.009	0.000	0.761	0.167	0.000	0.625	0.000	0.738	0.230	0.004	0.611	0.000	0.736	0.262	0.000	0.870	0.614	0.401	0.122	0.002	0.010
30.500	1.041	0.805	0.412	0.007	0.000	0.764	0.170	0.000	0.625	0.000	0.737	0.233	0.002	0.608	0.000	0.736	0.264	0.000	0.870	0.613	0.400	0.123	0.002	0.010
30.600	1.039	0.806	0.413	0.007	0.000	0.764	0.170	0.000	0.625	0.000	0.736	0.232	0.001	0.611	0.000	0.735	0.265	0.000	0.873	0.616	0.400	0.124	0.002	0.010
30.700	1.040	0.806	0.414	0.007	0.000	0.764	0.172	0.000	0.628	0.000	0.738	0.233	0.002	0.609	0.000	0.736	0.267	0.000	0.872	0.614	0.404	0.127	0.002	0.008
30.800	1.041	0.808	0.415	0.008	0.000	0.765	0.172	0.000	0.629	0.000	0.738	0.237	0.002	0.614	0.000	0.737	0.268	0.001	0.871	0.617	0.404	0.128	0.003	0.011
30.900	1.040	0.808	0.414	0.007	0.000	0.765	0.175	0.000	0.628	0.000	0.739	0.236	0.004	0.613	0.000	0.738	0.269	0.000	0.872	0.616	0.406	0.131	0.002	0.009
31.000	1.039	0.808	0.417	0.008	0.000	0.765	0.177	0.000	0.630	0.000	0.741	0.239	0.002	0.613	0.000	0.738	0.269	0.000	0.873	0.617	0.406	0.132	0.002	0.008
31.100	1.041	0.808	0.417	0.008	0.000	0.767	0.179	0.000	0.631	0.000	0.741	0.238	0.004	0.613	0.000	0.737	0.271	0.000	0.873	0.621	0.408	0.135	0.001	0.010
31.200	1.040	0.808	0.420	0.007	0.000	0.767	0.179	0.000	0.631	0.000	0.741	0.242	0.001	0.615	0.000	0.738	0.272	0.000	0.873	0.620	0.409	0.134	0.004	0.011
31.300	1.041	0.808	0.422	0.008	0.000	0.768	0.181	0.000	0.631	0.000	0.740	0.240	0.001	0.615	0.000	0.738	0.273	0.001	0.873	0.618	0.409	0.137	0.002	0.011
31.400	1.040	0.808	0.422	0.007	0.000	0.767	0.181	0.000	0.631	0.000	0.741	0.244	0.001	0.615	0.000	0.738	0.275	0.000	0.875	0.621	0.410	0.139	0.002	0.009
31.500	1.041	0.808	0.423	0.007	0.000	0.768	0.182	0.000	0.633	0.000	0.743	0.244	0.004	0.616	0.000	0.741	0.276	0.001	0.877	0.622	0.412	0.140	0.002	0.010
31.600	1.041	0.811	0.423	0.007	0.000	0.769	0.184	0.000	0.633	0.000	0.743	0.248	0.002	0.617	0.000	0.741	0.278	0.000	0.875	0.623	0.412	0.143	0.001	0.010
31.700	1.041	0.810	0.425	0.007	0.000	0.770	0.187	0.000	0.634	0.000	0.743	0.245	0.001	0.618	0.000	0.742	0.280	0.000	0.875	0.623	0.414	0.144	0.002	0.012
31.800	1.041	0.810	0.425	0.008	0.000	0.770	0.186	0.000	0.634	0.000	0.744	0.248	0.001	0.618	0.000	0.743	0.280	0.000	0.876	0.624	0.417	0.144	0.002	0.011
31.900	1.041	0.811	0.427	0.008	0.000	0.772	0.187	0.000	0.634	0.000	0.743	0.251	0.004	0.618	0.000	0.742	0.282	0.000	0.875	0.627	0.416	0.148	0.002	0.011
32.000	1.041	0.812	0.428	0.012	0.000	0.770	0.190	0.000	0.637	0.000	0.745	0.251	0.003	0.620	0.000	0.741	0.284	0.000	0.875	0.624	0.417	0.150	0.003	0.011
32.100	1.041	0.812	0.429	0.014	0.000	0.772	0.189	0.000	0.637	0.000	0.745	0.250	0.002	0.620	0.000	0.743	0.284	0.000	0.878	0.627	0.417	0.151	0.001	0.011
32.200	1.041	0.812	0.428	0.015	0.000	0.773	0.194	0.000	0.638	0.000	0.745	0.252	0.002	0.622	0.000	0.744	0.285	0.000	0.876	0.625	0.418	0.153	0.002	0.010
32.300	1.042	0.810	0.431	0.017	0.000	0.771	0.193	0.000	0.638	0.000	0.746	0.255	0.002	0.623	0.000	0.743	0.286	0.000	0.876	0.627	0.421	0.156	0.003	0.010
32.400	1.041	0.813	0.430	0.021	0.000	0.772	0.197	0.000	0.637	0.000	0.746	0.255	0.003	0.622	0.000	0.745	0.285	0.001	0.877	0.628	0.420	0.157	0.003	0.011
32.500	1.040	0.813	0.431	0.021	0.000	0.773	0.197	0.000	0.638	0.000	0.746	0.257	0.003	0.623	0.000	0.745	0.289	0.000	0.878	0.630	0.421	0.158	0.002	0.009
32.600	1.041	0.814	0.432	0.024	0.000	0.774	0.198	0.000	0.640	0.000	0.748	0.257	0.004	0.624	0.000	0.745	0.289	0.000	0.878	0.630	0.423	0.159	0.002	0.011
32.700	1.042	0.814	0.435	0.024	0.000	0.774	0.199	0.000	0.639	0.000	0.748	0.257	0.003	0.624	0.000	0.745	0.291	0.000	0.878	0.630	0.425	0.161	0.004	0.011
32.800	1.042	0.815	0.434	0.026	0.000	0.774	0.200	0.000	0.641	0.000	0.750	0.260	0.001	0.624	0.000	0.747	0.292	0.001	0.879	0.631	0.425	0.164	0.002	0.010
32.900	1.042	0.815	0.435	0.030	0.000	0.775	0.202	0.000	0.642	0.000	0.750	0.261	0.002	0.624	0.000	0.747	0.293	0.000	0.876	0.630	0.428	0.164	0.002	0.011
33.000	1.039	0.815	0.438	0.030	0.000	0.774	0.203	0.000	0.643	0.000	0.750	0.262	0.004	0.625	0.000	0.750	0.295	0.000	0.878	0.632	0.428	0.167	0.003	0.011
33.100	1.041	0.817	0.439	0.031	0.000	0.775	0.203	0.000	0.643	0.000	0.750	0.264	0.002	0.628	0.000	0.748	0.296	0.000	0.878	0.633	0.428	0.168	0.002	0.010
33.200	1.041	0.815	0.440	0.034	0.000	0.776	0.205	0.000	0.643	0.000	0.750	0.264	0.003	0.629	0.000	0.748	0.297	0.000	0.879	0.635	0.432	0.168	0.003	0.011
33.300	1.042	0.817	0.441	0.038	0.000	0.776	0.208	0.000	0.644	0.000	0.750	0.265	0.003	0.629	0.000	0.748	0.298	0.000	0.879	0.634	0.431	0.172	0.002	0.011
33.400	1.042	0.817	0.441	0.039	0.000	0.777	0.209	0.000	0.645	0.000	0.751	0.266	0.004	0.629	0.000	0.748	0.299	0.000	0.882	0.636	0.431	0.173	0.004	0.010
33.500	1.043	0.819	0.443	0.042	0.000	0.778	0.208	0.000	0.646	0.000	0.751	0.268	0.002	0.629	0.000	0.751	0.301	0.000	0.877	0.637	0.433	0.175	0.003	0.011
33.600	1.043	0.818	0.443	0.045	0.000	0.777	0.210	0.000	0.646	0.000	0.754	0.269	0.003	0.631	0.000	0.751	0.302	0.000	0.882	0.637	0.436	0.177	0.002	0.011
33.700	1.042	0.819	0.444	0.047	0.000	0.779	0.211	0.000	0.646	0.000	0.754	0.270	0.002	0.632	0.000	0.750	0.303	0.000	0.880	0.638	0.436	0.178	0.003	0.009
33.800	1.044	0.819	0.445	0.048	0.000	0.779	0.215	0.000	0.648	0.000	0.754	0.271	0.003	0.634	0.000	0.751	0.305	0.000	0.879	0.637	0.437	0.181	0.003	0.011
33.900	1.041	0.820	0.445	0.050	0.000	0.779	0.216	0.000	0.647	0.000	0.754	0.273	0.001	0.634	0.000	0.750	0.308	0.000	0.882	0.639	0.437	0.183	0.003	0.009
34.000	1.042	0.818	0.446	0.053	0.000	0.780	0.219	0.000	0.649	0.000	0.754	0.274	0.003	0.634	0.000	0.754	0.309	0.000	0.882	0.640	0.438	0.185	0.002	0.010
34.100	1.042	0.818	0.448	0.056	0.000	0.780	0.219	0.000	0.649	0.000	0.756	0.276	0.001	0.635	0.000	0.755	0.311	0.000	0.880	0.640	0.440	0.186	0.002	0.011
34.200	1.041	0.819	0.450	0.056	0.000	0.781	0.219	0.000	0.650	0.000	0.757	0.276	0.001	0.636	0.000	0.755	0.310	0.000	0.882	0.640	0.442	0.189	0.003	0.010
34.300	1.044	0.820	0.449	0.058	0.000	0.780	0.221	0.000	0.649	0.000	0.755	0.278	0.001	0.636	0.000	0.756	0.312	0.000	0.882	0.641	0.442	0.191	0.003	0.010
34.400	1.042	0.820	0.451	0.058	0.000	0.782	0.222	0.000	0.652	0.000	0.757	0.278	0.001	0.636	0.000	0.756	0.314	0.000	0.882	0.643	0.443	0.191	0.002	0.008
34.500	1.043	0.820	0.451	0.062	0.000	0.782	0.223	0.000	0.651	0.000	0.757	0.279	0.001	0.637	0.000	0.755	0.314	0.000	0.882	0.641	0.443	0.193	0.001	0.010
34.600	1.045	0.822	0.453	0.064	0.000	0.783	0.224	0.000	0.653	0.000	0.758	0.282	0.002	0.639	0.000	0.757	0.316	0.000	0.885	0.646	0.446	0.193	0.003	0.011
34.700	1.043	0.822	0.453	0.066	0.000	0.784	0.225	0.000	0.654	0.000	0.758	0.281	0.003	0.640	0.000	0.755	0.318	0.000	0.884	0.643	0.448	0.196	0.001	0.011
34.800	1.044	0.822	0.455	0.068	0.000	0.784	0.226	0.000	0.653	0.000	0.758	0.282	0.002	0.639	0.000	0.758	0.319	0.000	0.884	0.645	0.448	0.197	0.003	0.008
34.900	1.042	0.823	0.457	0.069	0.000	0.785	0.226	0.000	0.655	0.000	0.758	0.284	0.003	0.640	0.000	0.757	0.319	0.000	0.884	0.646	0.448	0.199	0.002	0.011
35.000	1.043	0.822	0.457	0.072	0.000	0.784	0.229	0.000	0.656	0.000	0.760	0.285	0.001	0.642	0.000	0.757	0.320	0.000	0.884	0.647	0.449	0.200	0.002	0.009
35.100	1.043	0.823	0.457	0.072	0.000	0.784	0.230	0.000	0.656	0.000	0.760	0.285	0.004	0.641	0.000	0.759	0.322	0.000	0.885	0.647	0.451	0.203	0.003	0.010
35.200	1.043	0.825	0.458	0.076	0.000	0.785	0.229	0.000	0.657	0.000	0.760	0.287	0.002	0.641	0.000	0.760	0.323	0.001	0.885	0.647	0.450	0.204	0.001	0.009
35.300	1.041	0.823	0.460	0.077	0.000	0.786	0.230	0.000	0.657	0.000	0.761	0.288	0.002	0.642	0.000	0.760	0.323	0.000	0.885	0.649	0.453	0.204	0.002	0.008
35.400	1.042	0.825	0.460	0.079	0.000	0.786	0.234	0.000	0.657	0.000	0.760	0.289	0.003	0.643	0.000	0.760	0.324	0.000	0.886	0.649	0.454	0.206	0.002	0.009
35.500	1.042	0.824	0.461	0.080	0.000	0.786	0.233	0.000	0.659	0.000	0.761	0.289	0.002	0.643	0.000	0.760	0.326	0.000	0.885	0.649	0.453	0.208	0.002	0.009
35.600	1.043	0.825	0.462	0.081	0.000	0.786	0.235	0.000	0.657	0.000	0.761	0.291	0.002	0.644	0.000	0.760	0.325	0.000	0.885	0.651	0.454	0.208	0.001	0.011
35.700	1.043	0.827	0.462	0.083	0.000	0.786	0.235	0.000	0.657	0.000	0.761	0.292	0.004	0.645	0.000	0.760	0.326	0.000	0.886	0.649	0.456	0.210	0.004	0.009
35.800	1.042	0.825	0.464	0.084	0.000	0.786	0.237	0.000	0.659	0.000	0.762	0.291	0.003	0.645	0.000	0.762	0.329	0.000	0.887	0.650	0.458	0.210	0.003	0.011
35.900	1.043	0.827	0.465	0.085	0.000	0.787	0.239	0.000	0.660	0.000	0.762	0.295	0.002	0.647	0.000	0.761	0.329	0.000	0.888	0.652	0.458	0.212	0.002	0.010
36.000	1.043	0.827	0.465	0.087	0.000	0.789	0.239	0.000	0.661	0.000	0.764	0.293	0.002	0.648	0.000	0.761	0.330	0.000	0.887	0.650	0.458	0.212	0.002	0.009
36.100	1.042	0.827	0.467	0.089	0.000	0.789	0.240	0.000	0.661	0.000	0.764	0.294	0.002	0.647	0.002	0.763	0.331	0.000	0.888	0.652	0.458	0.213	0.004	0.010
36.200	1.043	0.827	0.467	0.089	0.000	0.788	0.242	0.000	0.663	0.000	0.765	0.295	0.001	0.647	0.002	0.762	0.332	0.000	0.887	0.653	0.460	0.214	0.002	0.010
36.300	1.043	0.827	0.467	0.091	0.000	0.790	0.244	0.000	0.662	0.000	0.765	0.297	0.003	0.647	0.004	0.763	0.333	0.000	0.888	0.653	0.460	0.215	0.002	0.011
36.400	1.045	0.829	0.467	0.092	0.000	0.789	0.245	0.000	0.664	0.000	0.765	0.297	0.001	0.647	0.005	0.761	0.333	0.000	0.889	0.655	0.461	0.216	0.004	0.009
36.500	1.042	0.829	0.469	0.094	0.000	0.790	0.244	0.000	0.664	0.000	0.764	0.297	0.003	0.649	0.007	0.765	0.335	0.000	0.888	0.655	0.461	0.219	0.002	0.011
36.600	1.043	0.827	0.470	0.095	0.000	0.790	0.247	0.000	0.664	0.000	0.765	0.300	0.002	0.651	0.007	0.765	0.334	0.000	0.888	0.656	0.462	0.219	0.002	0.009
36.700	1.041	0.831	0.471	0.097	0.000	0.790	0.248	0.000	0.666	0.000	0.766	0.301	0.003	0.650	0.008	0.765	0.334	0.000	0.888	0.656	0.462	0.220	0.002	0.010
36.800	1.044	0.829	0.473	0.099	0.000	0.791	0.249	0.000	0.666	0.000	0.767	0.301	0.002	0.650	0.009	0.765	0.338	0.000	0.888	0.656	0.464	0.221	0.002	0.010
36.900	1.043	0.831	0.472	0.099	0.000	0.791	0.249	0.000	0.666	0.000	0.766	0.304	0.001	0.652	0.011	0.765	0.337	0.000	0.888	0.656	0.464	0.223	0.003	0.010
37.000	1.043	0.830	0.474	0.102	0.000	0.791	0.252	0.000	0.666	0.000	0.767	0.303	0.003	0.652	0.013	0.766	0.338	0.000	0.888	0.657	0.464	0.223	0.004	0.010
37.100	1.042	0.829	0.474	0.104	0.000	0.792	0.252	0.000	0.665	0.000	0.767	0.303	0.002	0.652	0.012	0.764	0.340	0.000	0.888	0.658	0.466	0.223	0.003	0.011
37.200	1.045	0.830	0.474	0.105	0.000	0.793	0.254	0.000	0.667	0.000	0.768	0.304	0.002	0.653	0.015	0.767	0.341	0.000	0.889	0.658	0.467	0.225	0.003	0.011
37.300	1.043	0.830	0.477	0.106	0.000	0.792	0.253	0.000	0.666	0.000	0.767	0.305	0.003	0.653	0.016	0.765	0.342	0.000	0.889	0.659	0.467	0.225	0.002	0.010
37.400	1.042	0.830	0.477	0.108	0.000	0.793	0.256	0.000	0.667	0.000	0.768	0.307	0.002	0.652	0.018	0.765	0.342	0.000	0.889	0.660	0.467	0.227	0.003	0.011
37.500	1.045	0.830	0.477	0.108	0.000	0.794	0.256	0.000	0.667	0.000	0.768	0.307	0.001	0.653	0.017	0.768	0.342	0.000	0.889	0.659	0.468	0.229	0.004	0.009
37.600	1.043	0.831	0.477	0.109	0.000	0.794	0.259	0.000	0.668	0.000	0.769	0.308	0.003	0.654	0.020	0.767	0.343	0.000	0.891	0.660	0.470	0.229	0.003	0.011
37.700	1.042	0.831	0.477	0.110	0.000	0.794	0.258	0.000	0.669	0.000	0.770	0.307	0.002	0.654	0.021	0.768	0.343	0.000	0.892	0.660	0.470	0.230	0.001	0.011
37.800	1.045	0.833	0.480	0.114	0.000	0.794	0.260	0.000	0.669	0.000	0.770	0.311	0.003	0.656	0.023	0.767	0.344	0.000	0.891	0.662	0.470	0.231	0.004	0.010
37.900	1.044	0.832	0.481	0.114	0.000	0.794	0.261	0.000	0.670	0.000	0.770	0.311	0.002	0.657	0.023	0.768	0.346	0.000	0.891	0.662	0.471	0.232	0.004	0.011
38.000	1.043	0.833	0.482	0.117	0.000	0.796	0.262	0.000	0.670	0.000	0.770	0.313	0.002	0.656	0.023	0.768	0.345	0.000	0.891	0.662	0.471	0.232	0.002	0.011
38.100	1.044	0.833	0.484	0.119	0.000	0.795	0.262	0.000	0.672	0.000	0.770	0.313	0.003	0.656	0.025	0.768	0.347	0.000	0.892	0.660	0.472	0.233	0.004	0.012
38.200	1.045	0.833	0.483	0.120	0.000	0.796	0.265	0.000	0.672	0.000	0.770	0.314	0.001	0.659	0.025	0.769	0.347	0.000	0.892	0.662	0.473	0.232	0.002	0.012
38.300	1.045	0.832	0.485	0.121	0.000	0.796	0.264	0.000	0.672	0.000	0.772	0.314	0.001	0.659	0.028	0.772	0.349	0.000	0.892	0.663	0.472	0.235	0.002	0.011
38.400	1.044	0.833	0.485	0.122	0.000	0.797	0.266	0.000	0.673	0.000	0.772	0.316	0.002	0.659	0.028	0.772	0.350	0.000	0.893	0.663	0.474	0.236	0.002	0.011
38.500	1.044	0.834	0.484	0.125	0.000	0.797	0.267	0.000	0.674	0.000	0.772	0.318	0.002	0.660	0.029	0.772	0.349	0.000	0.892	0.664	0.476	0.238	0.002	0.011
38.600	1.044	0.833	0.486	0.124	0.000	0.797	0.266	0.000	0.674	0.000	0.772	0.318	0.004	0.659	0.030	0.769	0.352	0.000	0.892	0.664	0.474	0.237	0.002	0.011
38.700	1.046	0.834	0.486	0.125	0.000	0.799	0.270	0.000	0.676	0.000	0.772	0.318	0.003	0.660	0.031	0.774	0.352	0.000	0.894	0.666	0.475	0.240	0.002	0.012
38.800	1.044	0.833	0.487	0.128	0.000	0.799	0.271	0.000	0.673	0.000	0.772	0.319	0.000	0.660	0.032	0.771	0.353	0.000	0.894	0.666	0.475	0.240	0.002	0.009
38.900	1.045	0.836	0.488	0.127	0.000	0.798	0.269	0.000	0.675	0.000	0.773	0.319	0.002	0.660	0.033	0.770	0.353	0.000	0.893	0.666	0.477	0.241	0.002	0.010
39.000	1.045	0.837	0.487	0.130	0.000	0.799	0.270	0.000	0.676	0.000	0.774	0.320	0.001	0.660	0.034	0.772	0.354	0.000	0.892	0.666	0.478	0.242	0.002	0.011
39.100	1.044	0.837	0.488	0.131	0.000	0.798	0.272	0.000	0.678	0.000	0.774	0.322	0.002	0.663	0.036	0.772	0.353	0.000	0.893	0.666	0.479	0.242	0.003	0.011
39.200	1.045	0.838	0.489	0.132	0.000	0.799	0.272	0.000	0.678	0.000	0.774	0.321	0.001	0.662	0.036	0.774	0.354	0.000	0.892	0.668	0.479	0.242	0.003	0.009
39.300	1.043	0.836	0.489	0.134	0.000	0.801	0.274	0.000	0.678	0.000	0.775	0.322	0.001	0.661	0.038	0.772	0.357	0.000	0.894	0.667	0.479	0.244	0.002	0.012
39.400	1.044	0.836	0.490	0.135	0.000	0.801	0.274	0.000	0.679	0.000	0.774	0.324	0.002	0.663	0.037	0.775	0.357	0.000	0.893	0.668	0.480	0.245	0.003	0.011
39.500	1.045	0.837	0.491	0.136	0.000	0.800	0.276	0.000	0.678	0.000	0.775	0.324	0.003	0.663	0.039	0.774	0.357	0.000	0.895	0.668	0.482	0.246	0.010	0.011
39.600	1.046	0.838	0.492	0.138	0.000	0.801	0.278	0.000	0.679	0.000	0.775	0.326	0.004	0.664	0.042	0.775	0.357	0.000	0.894	0.668	0.481	0.246	0.014	0.008
39.700	1.045	0.839	0.493	0.139	0.000	0.801	0.278	0.000	0.679	0.000	0.774	0.327	0.001	0.664	0.041	0.775	0.359	0.000	0.893	0.667	0.482	0.248	0.016	0.009
39.800	1.043	0.839	0.493	0.139	0.000	0.801	0.279	0.000	0.679	0.000	0.776	0.328	0.002	0.665	0.042	0.775	0.359	0.000	0.894	0.671	0.483	0.249	0.019	0.011
39.900	1.044	0.839	0.493	0.139	0.000	0.803	0.278	0.000	0.681	0.000	0.777	0.328	0.003	0.664	0.043	0.777	0.359	0.000	0.892	0.669	0.483	0.249	0.022	0.010
40.000	1.045	0.838	0.495	0.141	0.000	0.802	0.281	0.000	0.679	0.000	0.777	0.328	0.001	0.665	0.045	0.776	0.362	0.000	0.895	0.670	0.482	0.251	0.024	0.011
40.100	1.046	0.840	0.494	0.143	0.000	0.802	0.281	0.000	0.681	0.000	0.777	0.328	0.002	0.665	0.043	0.775	0.362	0.000	0.894	0.670	0.486	0.250	0.025	0.010
40.200	1.044	0.839	0.496	0.143	0.000	0.803	0.284	0.000	0.683	0.000	0.777	0.329	0.002	0.666	0.045	0.777	0.363	0.000	0.895	0.670	0.486	0.252	0.026	0.010
40.300	1.043	0.839	0.496	0.144	0.000	0.802	0.283	0.000	0.682	0.000	0.777	0.331	0.004	0.666	0.047	0.775	0.364	0.000	0.894	0.671	0.486	0.254	0.028	0.011
40.400	1.044	0.840	0.497	0.148	0.000	0.804	0.285	0.000	0.681	0.000	0.777	0.332	0.001	0.665	0.046	0.776	0.364	0.000	0.895	0.673	0.487	0.253	0.030	0.010
40.500	1.045	0.839	0.500	0.150	0.000	0.804	0.284	0.000	0.683	0.000	0.779	0.333	0.002	0.666	0.049	0.777	0.364	0.000	0.896	0.672	0.489	0.256	0.031	0.010
40.600	1.045	0.840	0.498	0.150	0.000	0.804	0.287	0.000	0.683	0.000	0.777	0.335	0.001	0.667	0.050	0.777	0.366	0.000	0.896	0.671	0.489	0.256	0.034	0.010
40.700	1.045	0.842	0.500	0.151	0.000	0.804	0.288	0.000	0.685	0.000	0.778	0.334	0.002	0.670	0.050	0.777	0.367	0.000	0.896	0.673	0.489	0.257	0.034	0.012
40.800	1.045	0.839	0.500	0.153	0.000	0.804	0.288	0.000	0.683	0.002	0.779	0.337	0.004	0.667	0.051	0.777	0.367	0.000	0.897	0.673	0.491	0.259	0.036	0.008
40.900	1.042	0.842	0.501	0.153	0.000	0.804	0.292	0.000	0.686	0.003	0.778	0.338	0.001	0.669	0.052	0.779	0.368	0.000	0.897	0.676	0.491	0.259	0.038	0.011
41.000	1.044	0.842	0.503	0.155	0.000	0.804	0.292	0.000	0.686	0.004	0.780	0.338	0.003	0.670	0.055	0.778	0.370	0.000	0.897	0.676	0.492	0.258	0.038	0.011
41.100	1.044	0.840	0.504	0.158	0.000	0.804	0.292	0.000	0.686	0.006	0.780	0.339	0.002	0.671	0.057	0.780	0.370	0.000	0.895	0.675	0.492	0.260	0.040	0.011
41.200	1.045	0.842	0.506	0.160	0.000	0.805	0.292	0.000	0.687	0.009	0.781	0.340	0.002	0.672	0.057	0.778	0.370	0.000	0.899	0.676	0.493	0.261	0.043	0.010
41.300	1.044	0.840	0.505	0.160	0.000	0.805	0.294	0.000	0.685	0.009	0.782	0.341	0.002	0.672	0.058	0.781	0.373	0.000	0.898	0.677	0.494	0.261	0.043	0.010
41.400	1.045	0.845	0.506	0.160	0.000	0.807	0.295	0.000	0.687	0.011	0.782	0.341	0.003	0.672	0.060	0.780	0.373	0.000	0.899	0.676	0.496	0.265	0.043	0.011
41.500	1.045	0.844	0.509	0.163	0.000	0.806	0.296	0.000	0.686	0.013	0.782	0.343	0.001	0.674	0.061	0.781	0.373	0.000	0.897	0.676	0.494	0.265	0.047	0.011
41.600	1.046	0.844	0.507	0.162	0.000	0.808	0.298	0.000	0.688	0.013	0.782	0.343	0.001	0.673	0.062	0.782	0.374	0.000	0.898	0.679	0.495	0.264	0.047	0.011
41.700	1.043	0.844	0.509	0.164	0.000	0.807	0.298	0.000	0.689	0.015	0.782	0.343	0.002	0.674	0.065	0.782	0.376	0.000	0.899	0.679	0.496	0.266	0.048	0.012
41.800	1.045	0.844	0.509	0.165	0.000	0.808	0.299	0.000	0.691	0.015	0.782	0.346	0.001	0.674	0.064	0.781	0.377	0.000	0.898	0.678	0.498	0.268	0.049	0.008
41.900	1.045	0.844	0.510	0.168	0.000	0.810	0.301	0.000	0.692	0.016	0.783	0.347	0.003	0.675	0.066	0.783	0.376	0.000	0.899	0.679	0.497	0.269	0.051	0.011
42.000	1.046	0.844	0.510	0.167	0.000	0.808	0.301	0.000	0.691	0.019	0.785	0.347	0.002	0.676	0.067	0.782	0.377	0.000	0.900	0.679	0.499	0.268	0.055	0.010
42.100	1.046	0.846	0.511	0.170	0.000	0.810	0.301	0.000	0.692	0.020	0.786	0.347	0.002	0.676	0.069	0.782	0.379	0.000	0.899	0.680	0.499	0.269	0.056	0.011
42.200	1.046	0.844	0.510	0.170	0.000	0.810	0.304	0.000	0.692	0.021	0.786	0.350	0.001	0.677	0.069	0.781	0.379	0.000	0.899	0.682	0.499	0.271	0.057	0.011
42.300	1.046	0.845	0.511	0.171	0.000	0.809	0.304	0.000	0.692	0.022	0.786	0.349	0.003	0.676	0.070	0.782	0.381	0.000	0.899	0.682	0.500	0.271	0.059	0.010
42.400	1.045	0.846	0.511	0.172	0.000	0.809	0.304	0.000	0.693	0.023	0.785	0.350	0.001	0.676	0.071	0.785	0.381	0.000	0.899	0.681	0.501	0.273	0.060	0.011
42.500	1.046	0.847	0.514	0.174	0.000	0.811	0.305	0.000	0.693	0.025	0.786	0.352	0.002	0.678	0.072	0.784	0.381	0.000	0.900	0.683	0.503	0.275	0.062	0.009
42.600	1.045	0.848	0.514	0.177	0.000	0.810	0.306	0.000	0.694	0.026	0.786	0.353	0.002	0.676	0.074	0.785	0.383	0.000	0.900	0.681	0.502	0.276	0.063	0.009
42.700	1.045	0.846	0.514	0.175	0.000	0.811	0.305	0.000	0.694	0.026	0.786	0.352	0.002	0.678	0.073	0.785	0.383	0.000	0.901	0.684	0.502	0.278	0.066	0.010
42.800	1.046	0.848	0.514	0.178	0.000	0.811	0.308	0.000	0.694	0.029	0.786	0.353	0.002	0.678	0.076	0.786	0.383	0.000	0.901	0.685	0.503	0.277	0.066	0.007
42.900	1.046	0.849	0.515	0.178	0.000	0.811	0.308	0.000	0.695	0.030	0.787	0.356	0.002	0.678	0.078	0.785	0.384	0.000	0.901	0.685	0.503	0.277	0.068	0.009
43.000	1.047	0.848	0.516	0.179	0.000	0.812	0.309	0.000	0.695	0.031	0.788	0.356	0.003	0.679	0.078	0.787	0.385	0.000	0.901	0.685	0.506	0.280	0.069	0.009
43.100	1.045	0.849	0.516	0.180	0.000	0.812	0.311	0.000	0.695	0.033	0.787	0.356	0.002	0.680	0.078	0.786	0.386	0.000	0.899	0.686	0.504	0.280	0.070	0.011
43.200	1.046	0.848	0.518	0.182	0.000	0.814	0.311	0.000	0.695	0.033	0.787	0.356	0.002	0.681	0.081	0.786	0.388	0.000	0.902	0.685	0.506	0.282	0.071	0.011
43.300	1.046	0.849	0.518	0.183	0.000	0.812	0.312	0.000	0.696	0.032	0.789	0.357	0.003	0.680	0.081	0.786	0.388	0.000	0.901	0.686	0.507	0.282	0.074	0.009
43.400	1.046	0.848	0.519	0.183	0.000	0.813	0.313	0.000	0.697	0.033	0.788	0.358	0.003	0.681	0.080	0.789	0.388	0.000	0.901	0.686	0.507	0.283	0.074	0.011
43.500	1.046	0.849	0.517	0.184	0.000	0.813	0.315	0.000	0.696	0.037	0.789	0.358	0.001	0.681	0.083	0.788	0.388	0.000	0.901	0.688	0.508	0.284	0.075	0.011
43.600	1.046	0.850	0.518	0.186	0.000	0.813	0.315	0.000	0.697	0.036	0.790	0.359	0.004	0.681	0.083	0.787	0.388	0.000	0.901	0.688	0.510	0.285	0.078	0.011
43.700	1.046	0.849	0.520	0.186	0.000	0.813	0.316	0.000	0.698	0.038	0.790	0.360	0.005	0.682	0.084	0.789	0.390	0.000	0.903	0.689	0.510	0.286	0.077	0.011
43.800	1.046	0.850	0.522	0.186	0.000	0.815	0.316	0.000	0.697	0.040	0.790	0.359	0.007	0.683	0.085	0.787	0.391	0.000	0.902	0.688	0.508	0.286	0.078	0.010
43.900	1.046	0.851	0.521	0.189	0.000	0.815	0.318	0.000	0.698	0.041	0.791	0.362	0.008	0.681	0.086	0.789	0.392	0.000	0.903	0.688	0.512	0.288	0.081	0.010
44.000	1.046	0.849	0.522	0.190	0.000	0.814	0.318	0.000	0.700	0.043	0.790	0.362	0.010	0.682	0.085	0.790	0.393	0.000	0.903	0.690	0.510	0.288	0.083	0.010
44.100	1.045	0.850	0.523	0.191	0.000	0.815	0.321	0.000	0.698	0.043	0.791	0.364	0.011	0.684	0.088	0.790	0.393	0.000	0.904	0.691	0.513	0.288	0.083	0.011
44.200	1.046	0.851	0.523	0.191	0.000	0.815	0.319	0.000	0.700	0.045	0.791	0.364	0.013	0.683	0.088	0.790	0.395	0.000	0.903	0.691	0.513	0.290	0.085	0.010
44.300	1.046	0.852	0.524	0.193	0.000	0.815	0.323	0.000	0.701	0.044	0.791	0.366	0.014	0.685	0.089	0.790	0.395	0.000	0.904	0.690	0.515	0.290	0.085	0.011
44.400	1.046	0.852	0.525	0.193	0.000	0.816	0.321	0.000	0.699	0.047	0.792	0.366	0.015	0.685	0.090	0.790	0.396	0.000	0.904	0.690	0.513	0.291	0.086	0.009
44.500	1.046	0.851	0.527	0.196	0.000	0.815	0.323	0.000	0.702	0.049	0.791	0.366	0.016	0.686	0.091	0.790	0.396	0.000	0.905	0.692	0.513	0.291	0.087	0.009
44.600	1.047	0.851	0.526	0.196	0.000	0.816	0.323	0.000	0.702	0.051	0.792	0.366	0.017	0.685	0.092	0.790	0.396	0.000	0.905	0.692	0.515	0.293	0.089	0.011
44.700	1.046	0.851	0.527	0.197	0.000	0.815	0.324	0.000	0.701	0.052	0.793	0.367	0.018	0.686	0.093	0.791	0.398	0.000	0.904	0.693	0.516	0.294	0.089	0.009
44.800	1.047	0.852	0.529	0.198	0.000	0.817	0.326	0.000	0.703	0.056	0.792	0.369	0.020	0.686	0.095	0.791	0.398	0.006	0.905	0.693	0.516	0.295	0.092	0.011
44.900	1.045	0.852	0.529	0.201	0.000	0.817	0.327	0.000	0.704	0.054	0.794	0.369	0.020	0.688	0.096	0.792	0.399	0.004	0.904	0.693	0.518	0.294	0.093	0.010
45.000	1.046	0.855	0.529	0.201	0.000	0.818	0.327	0.000	0.704	0.056	0.794	0.373	0.019	0.686	0.096	0.791	0.399	0.009	0.906	0.694	0.519	0.296	0.096	0.011
45.100	1.046	0.854	0.530	0.202	0.000	0.818	0.327	0.000	0.704	0.057	0.794	0.373	0.020	0.687	0.096	0.793	0.401	0.010	0.905	0.693	0.517	0.297	0.096	0.011
45.200	1.046	0.854	0.532	0.203	0.000	0.817	0.330	0.000	0.705	0.060	0.794	0.373	0.021	0.690	0.099	0.793	0.402	0.011	0.906	0.695	0.520	0.299	0.097	0.011
45.300	1.045	0.855	0.532	0.203	0.000	0.818	0.329	0.000	0.703	0.059	0.795	0.373	0.021	0.690	0.100	0.792	0.402	0.016	0.906	0.695	0.518	0.301	0.099	0.011
45.400	1.046	0.855	0.531	0.206	0.000	0.819	0.331	0.000	0.707	0.061	0.794	0.374	0.024	0.692	0.102	0.794	0.403	0.017	0.905	0.696	0.520	0.301	0.101	0.012
45.500	1.046	0.855	0.531	0.206	0.000	0.819	0.331	0.000	0.706	0.061	0.796	0.375	0.025	0.690	0.102	0.794	0.403	0.018	0.906	0.696	0.521	0.301	0.102	0.011
45.600	1.046	0.856	0.533	0.208	0.000	0.819	0.331	0.000	0.707	0.064	0.795	0.374	0.028	0.690	0.103	0.796	0.405	0.021	0.905	0.696	0.523	0.304	0.103	0.011
45.700	1.046	0.855	0.533	0.209	0.000	0.819	0.333	0.000	0.705	0.064	0.796	0.377	0.028	0.693	0.104	0.794	0.406	0.019	0.905	0.696	0.522	0.304	0.105	0.010
45.800	1.047	0.855	0.534	0.209	0.000	0.820	0.333	0.000	0.707	0.065	0.796	0.376	0.029	0.692	0.105	0.796	0.406	0.023	0.908	0.697	0.523	0.304	0.106	0.010
45.900	1.047	0.856	0.535	0.211	0.000	0.821	0.335	0.000	0.707	0.067	0.797	0.377	0.030	0.693	0.106	0.795	0.408	0.025	0.908	0.698	0.524	0.305	0.108	0.010
46.000	1.047	0.855	0.536	0.211	0.000	0.821	0.335	0.000	0.707	0.067	0.795	0.379	0.031	0.694	0.105	0.796	0.407	0.026	0.908	0.698	0.524	0.307	0.107	0.009
46.100	1.047	0.856	0.537	0.212	0.000	0.820	0.337	0.000	0.710	0.069	0.796	0.378	0.031	0.694	0.107	0.796	0.409	0.026	0.908	0.698	0.527	0.307	0.108	0.011
46.200	1.046	0.856	0.536	0.212	0.000	0.820	0.338	0.000	0.708	0.070	0.796	0.379	0.033	0.695	0.109	0.797	0.408	0.027	0.908	0.700	0.526	0.308	0.109	0.011
46.300	1.047	0.855	0.539	0.213	0.000	0.819	0.338	0.000	0.710	0.071	0.796	0.381	0.033	0.694	0.109	0.797	0.409	0.028	0.908	0.700	0.524	0.308	0.110	0.010
46.400	1.048	0.855	0.540	0.215	0.000	0.823	0.340	0.000	0.709	0.074	0.797	0.381	0.033	0.693	0.110	0.797	0.412	0.029	0.908	0.700	0.528	0.309	0.112	0.008
46.500	1.046	0.856	0.538	0.216	0.000	0.822	0.340	0.000	0.710	0.074	0.797	0.383	0.034	0.695	0.111	0.796	0.411	0.032	0.908	0.701	0.527	0.309	0.113	0.011
46.600	1.048	0.857	0.541	0.218	0.000	0.823	0.340	0.000	0.711	0.074	0.797	0.382	0.037	0.695	0.112	0.797	0.412	0.030	0.909	0.700	0.529	0.310	0.115	0.010
46.700	1.047	0.856	0.543	0.220	0.000	0.823	0.341	0.000	0.711	0.076	0.798	0.383	0.037	0.696	0.114	0.796	0.412	0.032	0.908	0.702	0.527	0.311	0.115	0.010
46.800	1.047	0.858	0.540	0.220	0.000	0.822	0.342	0.000	0.712	0.078	0.799	0.383	0.037	0.696	0.113	0.798	0.413	0.034	0.908	0.701	0.529	0.312	0.116	0.010
46.900	1.048	0.856	0.543	0.222	0.000	0.823	0.343	0.000	0.712	0.078	0.799	0.385	0.039	0.696	0.114	0.797	0.414	0.033	0.910	0.701	0.530	0.312	0.117	0.011
47.000	1.047	0.859	0.542	0.222	0.000	0.823	0.343	0.000	0.712	0.078	0.800	0.386	0.039	0.697	0.117	0.800	0.415	0.034	0.908	0.704	0.530	0.313	0.119	0.011
47.100	1.045	0.858	0.542	0.224	0.000	0.823	0.345	0.000	0.712	0.081	0.800	0.386	0.040	0.698	0.118	0.799	0.415	0.036	0.908	0.702	0.530	0.313	0.121	0.010
47.200	1.048	0.859	0.544	0.224	0.000	0.823	0.346	0.000	0.717	0.081	0.800	0.386	0.042	0.696	0.118	0.800	0.415	0.036	0.908	0.702	0.531	0.316	0.121	0.011
47.300	1.046	0.857	0.545	0.224	0.000	0.825	0.346	0.000	0.714	0.083	0.800	0.387	0.042	0.697	0.120	0.799	0.414	0.037	0.909	0.702	0.532	0.314	0.122	0.011
47.400	1.047	0.858	0.544	0.226	0.000	0.824	0.349	0.000	0.713	0.083	0.800	0.388	0.045	0.699	0.121	0.800	0.416	0.038	0.909	0.703	0.533	0.316	0.122	0.010
47.500	1.048	0.860	0.544	0.226	0.000	0.825	0.348	0.000	0.715	0.085	0.800	0.390	0.045	0.698	0.121	0.800	0.418	0.039	0.911	0.703	0.532	0.318	0.124	0.011
47.600	1.047	0.859	0.546	0.229	0.000	0.825	0.350	0.000	0.715	0.086	0.801	0.389	0.045	0.698	0.123	0.800	0.418	0.041	0.909	0.703	0.533	0.320	0.125	0.010
47.700	1.046	0.859	0.547	0.230	0.000	0.825	0.350	0.000	0.716	0.086	0.801	0.390	0.047	0.699	0.123	0.800	0.418	0.040	0.910	0.703	0.536	0.320	0.127	0.010
47.800	1.048	0.859	0.546	0.230	0.000	0.826	0.351	0.000	0.715	0.088	0.801	0.389	0.047	0.700	0.124	0.802	0.419	0.042	0.909	0.704	0.534	0.320	0.128	0.010
47.900	1.047	0.859	0.548	0.231	0.000	0.825	0.352	0.000	0.716	0.089	0.802	0.391	0.049	0.700	0.125	0.801	0.420	0.043	0.911	0.705	0.536	0.320	0.128	0.011
48.000	1.047	0.860	0.548	0.232	0.000	0.825	0.353	0.000	0.715	0.091	0.802	0.392	0.049	0.700	0.125	0.802	0.421	0.046	0.910	0.703	0.537	0.321	0.128	0.009
48.100	1.048	0.861	0.548	0.233	0.000	0.825	0.353	0.000	0.717	0.092	0.802	0.395	0.051	0.701	0.127	0.801	0.421	0.045	0.911	0.707	0.536	0.322	0.131	0.007
48.200	1.047	0.863	0.550	0.235	0.000	0.827	0.354	0.000	0.717	0.093	0.805	0.393	0.051	0.700	0.127	0.801	0.422	0.047	0.909	0.706	0.537	0.323	0.131	0.011
48.300	1.047	0.861	0.549	0.236	0.000	0.827	0.356	0.000	0.717	0.095	0.804	0.395	0.052	0.701	0.129	0.801	0.423	0.047	0.911	0.707	0.537	0.323	0.131	0.011
48.400	1.048	0.862	0.549	0.239	0.000	0.827	0.356	0.000	0.717	0.095	0.803	0.396	0.053	0.702	0.129	0.800	0.424	0.049	0.911	0.709	0.540	0.324	0.133	0.011
48.500	1.048	0.863	0.551	0.239	0.000	0.827	0.356	0.000	0.719	0.096	0.803	0.395	0.056	0.702	0.129	0.802	0.425	0.050	0.910	0.708	0.539	0.325	0.134	0.011
48.600	1.048	0.863	0.552	0.241	0.000	0.828	0.358	0.000	0.719	0.097	0.805	0.399	0.057	0.702	0.131	0.804	0.425	0.050	0.911	0.707	0.539	0.326	0.135	0.012
48.700	1.046	0.863	0.552	0.241	0.000	0.827	0.359	0.000	0.719	0.098	0.804	0.398	0.057	0.703	0.131	0.804	0.425	0.052	0.911	0.708	0.540	0.328	0.136	0.009
48.800	1.047	0.863	0.552	0.241	0.000	0.828	0.360	0.002	0.721	0.101	0.806	0.399	0.058	0.705	0.132	0.805	0.427	0.053	0.913	0.709	0.539	0.328	0.138	0.010
48.900	1.047	0.863	0.555	0.242	0.000	0.829	0.361	0.002	0.719	0.099	0.805	0.399	0.061	0.704	0.134	0.804	0.428	0.053	0.912	0.710	0.541	0.329	0.139	0.009
49.000	1.049	0.864	0.555	0.245	0.000	0.830	0.360	0.004	0.720	0.102	0.807	0.401	0.062	0.705	0.136	0.804	0.429	0.055	0.913	0.710	0.542	0.330	0.140	0.010
49.100	1.048	0.864	0.555	0.245	0.000	0.829	0.362	0.005	0.721	0.102	0.806	0.401	0.064	0.705	0.134	0.806	0.430	0.056	0.915	0.710	0.542	0.331	0.141	0.011
49.200	1.046	0.862	0.557	0.246	0.000	0.829	0.364	0.005	0.721	0.105	0.806	0.402	0.065	0.706	0.138	0.804	0.429	0.056	0.911	0.710	0.542	0.331	0.143	0.011
49.300	1.047	0.863	0.555	0.248	0.000	0.830	0.364	0.008	0.720	0.105	0.807	0.402	0.066	0.704	0.139	0.806	0.430	0.057	0.911	0.710	0.543	0.333	0.141	0.010
49.400	1.048	0.863	0.557	0.248	0.000	0.830	0.364	0.009	0.722	0.106	0.807	0.403	0.067	0.705	0.140	0.806	0.432	0.059	0.912	0.711	0.544	0.334	0.143	0.011
49.500	1.048	0.865	0.558	0.250	0.000	0.829	0.366	0.009	0.722	0.107	0.806	0.403	0.069	0.708	0.142	0.807	0.431	0.060	0.912	0.710	0.546	0.334	0.144	0.011
49.600	1.048	0.863	0.559	0.249	0.000	0.830	0.366	0.011	0.724	0.108	0.807	0.406	0.070	0.707	0.142	0.808	0.433	0.061	0.914	0.711	0.546	0.336	0.145	0.011
49.700	1.048	0.865	0.557	0.251	0.000	0.830	0.367	0.012	0.724	0.110	0.808	0.406	0.071	0.707	0.144	0.807	0.434	0.061	0.913	0.712	0.546	0.334	0.146	0.008
49.800	1.046	0.865	0.558	0.251	0.000	0.829	0.367	0.013	0.722	0.110	0.808	0.408	0.070	0.708	0.144	0.808	0.434	0.066	0.913	0.713	0.547	0.338	0.148	0.011
49.900	1.048	0.865	0.558	0.251	0.000	0.830	0.369	0.014	0.724	0.113	0.810	0.407	0.074	0.709	0.147	0.806	0.435	0.064	0.913	0.714	0.548	0.338	0.150	0.010
50.000	1.046	0.866	0.561	0.252	0.000	0.831	0.367	0.016	0.724	0.112	0.810	0.409	0.076	0.707	0.147	0.808	0.436	0.066	0.912	0.714	0.548	0.339	0.151	0.011
50.100	1.047	0.865	0.562	0.255	0.000	0.832	0.367	0.017	0.724	0.114	0.810	0.409	0.076	0.709	0.146	0.808	0.434	0.067	0.914	0.714	0.549	0.341	0.152	0.011
50.200	1.046	0.866	0.562	0.255	0.000	0.831	0.371	0.017	0.724	0.115	0.810	0.409	0.077	0.711	0.149	0.810	0.438	0.067	0.914	0.713	0.550	0.341	0.151	0.009
50.300	1.048	0.866	0.563	0.255	0.000	0.833	0.370	0.018	0.725	0.116	0.810	0.410	0.078	0.710	0.149	0.809	0.439	0.070	0.914	0.714	0.549	0.342	0.155	0.008
50.400	1.048	0.866	0.564	0.256	0.000	0.832	0.373	0.021	0.725	0.117	0.810	0.412	0.080	0.711	0.151	0.810	0.439	0.072	0.915	0.715	0.551	0.343	0.156	0.011
50.500	1.048	0.867	0.564	0.258	0.000	0.832	0.373	0.022	0.726	0.117	0.810	0.412	0.081	0.710	0.153	0.808	0.441	0.073	0.914	0.716	0.551	0.343	0.157	0.012
50.600	1.050	0.867	0.565	0.259	0.000	0.833	0.374	0.023	0.726	0.117	0.811	0.415	0.083	0.711	0.153	0.810	0.440	0.073	0.914	0.717	0.551	0.343	0.160	0.011
50.700	1.048	0.868	0.565	0.260	0.000	0.833	0.374	0.023	0.726	0.120	0.810	0.415	0.083	0.710	0.153	0.811	0.441	0.076	0.915	0.718	0.553	0.346	0.160	0.010
50.800	1.048	0.869	0.565	0.259	0.000	0.833	0.376	0.024	0.727	0.121	0.811	0.415	0.084	0.712	0.155	0.810	0.443	0.077	0.914	0.717	0.554	0.346	0.162	0.011
50.900	1.049	0.867	0.564	0.261	0.000	0.834	0.376	0.026	0.727	0.121	0.812	0.415	0.084	0.712	0.158	0.811	0.443	0.078	0.914	0.719	0.554	0.346	0.163	0.011
51.000	1.048	0.868	0.564	0.262	0.000	0.833	0.376	0.026	0.726	0.123	0.812	0.417	0.086	0.712	0.158	0.811	0.443	0.081	0.916	0.717	0.554	0.347	0.163	0.011
51.100	1.048	0.868	0.566	0.262	0.000	0.834	0.376	0.025	0.729	0.122	0.811	0.417	0.088	0.715	0.160	0.810	0.445	0.080	0.916	0.719	0.555	0.349	0.165	0.011
51.200	1.048	0.870	0.566	0.265	0.000	0.833	0.377	0.028	0.728	0.124	0.813	0.419	0.089	0.715	0.161	0.812	0.447	0.083	0.918	0.719	0.558	0.351	0.166	0.011
51.300	1.048	0.869	0.567	0.265	0.000	0.833	0.378	0.028	0.728	0.125	0.812	0.417	0.089	0.715	0.160	0.811	0.446	0.084	0.918	0.719	0.557	0.350	0.167	0.011
51.400	1.048	0.868	0.569	0.264	0.000	0.836	0.379	0.031	0.731	0.128	0.813	0.419	0.091	0.715	0.162	0.814	0.447	0.083	0.915	0.719	0.557	0.353	0.168	0.010
51.500	1.048	0.868	0.569	0.267	0.000	0.835	0.381	0.032	0.731	0.128	0.813	0.421	0.092	0.716	0.163	0.813	0.447	0.086	0.918	0.721	0.558	0.351	0.170	0.011
51.600	1.048	0.869	0.569	0.268	0.000	0.836	0.381	0.033	0.731	0.129	0.813	0.420	0.092	0.714	0.164	0.811	0.447	0.087	0.916	0.721	0.558	0.352	0.170	0.012
51.700	1.048	0.871	0.570	0.269	0.000	0.836	0.382	0.033	0.731	0.128	0.815	0.421	0.094	0.715	0.166	0.814	0.451	0.088	0.916	0.720	0.559	0.353	0.169	0.011
51.800	1.048	0.870	0.571	0.269	0.000	0.837	0.382	0.034	0.732	0.130	0.815	0.422	0.095	0.717	0.166	0.813	0.448	0.089	0.917	0.722	0.559	0.354	0.172	0.010
51.900	1.049	0.869	0.569	0.270	0.000	0.835	0.382	0.036	0.731	0.130	0.815	0.423	0.095	0.715	0.168	0.813	0.451	0.089	0.918	0.722	0.559	0.357	0.171	0.011
52.000	1.048	0.871	0.572	0.270	0.000	0.836	0.383	0.037	0.732	0.131	0.813	0.424	0.097	0.715	0.168	0.816	0.450	0.089	0.919	0.723	0.561	0.357	0.174	0.010
52.100	1.048	0.870	0.572	0.271	0.000	0.837	0.385	0.039	0.732	0.134	0.815	0.423	0.097	0.717	0.169	0.815	0.452	0.090	0.916	0.722	0.560	0.357	0.175	0.010
52.200	1.048	0.869	0.572	0.271	0.000	0.837	0.384	0.039	0.732	0.134	0.815	0.425	0.099	0.717	0.171	0.816	0.453	0.092	0.917	0.722	0.561	0.359	0.176	0.011
52.300	1.048	0.870	0.573	0.273	0.000	0.836	0.386	0.039	0.732	0.134	0.815	0.424	0.100	0.718	0.171	0.815	0.453	0.093	0.916	0.724	0.561	0.359	0.176	0.010
52.400	1.047	0.870	0.574	0.275	0.000	0.837	0.386	0.042	0.734	0.136	0.815	0.427	0.099	0.718	0.171	0.815	0.454	0.092	0.918	0.725	0.563	0.360	0.179	0.011
52.500	1.048	0.872	0.574	0.276	0.000	0.840	0.386	0.043	0.735	0.136	0.817	0.426	0.103	0.719	0.173	0.818	0.455	0.095	0.919	0.724	0.563	0.359	0.179	0.011
52.600	1.048	0.872	0.575	0.277	0.000	0.837	0.389	0.045	0.734	0.139	0.817	0.428	0.103	0.719	0.175	0.816	0.455	0.096	0.920	0.722	0.563	0.360	0.180	0.010
52.700	1.050	0.871	0.576	0.279	0.000	0.838	0.389	0.044	0.734	0.140	0.817	0.428	0.103	0.721	0.175	0.816	0.456	0.097	0.918	0.724	0.564	0.362	0.181	0.008
52.800	1.048	0.872	0.576	0.281	0.000	0.838	0.388	0.047	0.736	0.140	0.818	0.428	0.105	0.721	0.174	0.817	0.457	0.098	0.921	0.725	0.565	0.362	0.183	0.011
52.900	1.050	0.873	0.576	0.280	0.000	0.839	0.392	0.048	0.736	0.142	0.817	0.430	0.107	0.721	0.179	0.817	0.458	0.099	0.919	0.726	0.566	0.362	0.183	0.011
53.000	1.049	0.873	0.577	0.280	0.000	0.840	0.392	0.049	0.736	0.143	0.818	0.429	0.108	0.721	0.177	0.817	0.457	0.099	0.920	0.726	0.567	0.363	0.183	0.011
53.100	1.049	0.873	0.578	0.282	0.000	0.839	0.393	0.049	0.736	0.143	0.817	0.432	0.108	0.722	0.179	0.818	0.458	0.100	0.921	0.728	0.566	0.364	0.184	0.011
53.200	1.050	0.873	0.578	0.283	0.000	0.840	0.393	0.051	0.736	0.144	0.818	0.432	0.108	0.721	0.180	0.818	0.458	0.101	0.920	0.725	0.568	0.366	0.186	0.010
53.300	1.050	0.872	0.578	0.284	0.000	0.841	0.394	0.053	0.738	0.144	0.818	0.432	0.110	0.723	0.180	0.819	0.458	0.103	0.919	0.728	0.568	0.365	0.187	0.011
53.400	1.050	0.874	0.579	0.284	0.000	0.840	0.395	0.052	0.737	0.147	0.819	0.434	0.112	0.722	0.183	0.819	0.460	0.103	0.921	0.727	0.568	0.366	0.187	0.010
53.500	1.049	0.875	0.579	0.284	0.000	0.840	0.396	0.056	0.738	0.147	0.819	0.434	0.114	0.722	0.183	0.819	0.461	0.103	0.920	0.726	0.569	0.367	0.187	0.012
53.600	1.049	0.873	0.581	0.285	0.000	0.841	0.397	0.057	0.738	0.149	0.819	0.433	0.114	0.724	0.184	0.817	0.460	0.106	0.921	0.727	0.568	0.369	0.191	0.010
53.700	1.049	0.875	0.583	0.287	0.000	0.841	0.395	0.057	0.739	0.149	0.821	0.436	0.116	0.725	0.185	0.819	0.461	0.107	0.920	0.728	0.569	0.370	0.190	0.011
53.800	1.050	0.875	0.582	0.288	0.000	0.841	0.398	0.059	0.739	0.149	0.820	0.436	0.116	0.723	0.186	0.820	0.462	0.108	0.921	0.728	0.569	0.369	0.191	0.010
53.900	1.050	0.873	0.583	0.289	0.000	0.842	0.399	0.061	0.738	0.152	0.820	0.437	0.115	0.724	0.186	0.820	0.464	0.107	0.923	0.729	0.570	0.370	0.192	0.011
54.000	1.048	0.875	0.584	0.288	0.000	0.842	0.398	0.061	0.739	0.154	0.819	0.438	0.119	0.724	0.186	0.821	0.464	0.109	0.921	0.730	0.573	0.370	0.192	0.011
54.100	1.049	0.875	0.582	0.292	0.000	0.842	0.402	0.063	0.739	0.155	0.820	0.439	0.119	0.725	0.187	0.820	0.465	0.108	0.921	0.731	0.572	0.370	0.195	0.012
54.200	1.049	0.875	0.585	0.291	0.000	0.844	0.400	0.064	0.740	0.155	0.820	0.439	0.119	0.725	0.189	0.819	0.465	0.110	0.923	0.730	0.572	0.373	0.194	0.012
54.300	1.048	0.875	0.585	0.292	0.000	0.842	0.401	0.064	0.741	0.156	0.821	0.441	0.120	0.725	0.189	0.820	0.467	0.113	0.923	0.731	0.573	0.372	0.195	0.010
54.400	1.048	0.876	0.584	0.293	0.000	0.844	0.402	0.066	0.740	0.157	0.821	0.441	0.122	0.726	0.190	0.820	0.467	0.112	0.923	0.732	0.574	0.373	0.197	0.012
54.500	1.049	0.876	0.586	0.294	0.000	0.842	0.403	0.066	0.741	0.158	0.821	0.442	0.124	0.726	0.189	0.822	0.468	0.114	0.923	0.732	0.575	0.374	0.198	0.008
54.600	1.049	0.876	0.585	0.295	0.000	0.845	0.403	0.067	0.741	0.159	0.822	0.441	0.123	0.726	0.190	0.821	0.467	0.114	0.921	0.730	0.574	0.376	0.200	0.010
54.700	1.049	0.877	0.587	0.295	0.000	0.844	0.405	0.069	0.741	0.159	0.822	0.442	0.124	0.728	0.193	0.822	0.467	0.115	0.923	0.730	0.575	0.373	0.200	0.010
54.800	1.050	0.878	0.586	0.297	0.000	0.844	0.403	0.069	0.742	0.160	0.822	0.444	0.127	0.728	0.193	0.823	0.468	0.116	0.924	0.732	0.573	0.376	0.200	0.008
54.900	1.050	0.876	0.588	0.297	0.000	0.844	0.406	0.071	0.743	0.161	0.822	0.445	0.128	0.728	0.194	0.822	0.470	0.117	0.924	0.731	0.577	0.376	0.201	0.011
55.000	1.049	0.878	0.587	0.297	0.000	0.844	0.407	0.072	0.744	0.162	0.822	0.445	0.128	0.727	0.194	0.822	0.470	0.119	0.924	0.734	0.574	0.377	0.201	0.012
55.100	1.050	0.876	0.588	0.300	0.000	0.846	0.407	0.073	0.743	0.164	0.822	0.445	0.129	0.728	0.196	0.822	0.470	0.118	0.925	0.733	0.576	0.378	0.202	0.013
55.200	1.051	0.877	0.590	0.301	0.002	0.845	0.408	0.073	0.744	0.165	0.823	0.445	0.129	0.729	0.196	0.825	0.472	0.119	0.924	0.734	0.577	0.379	0.203	0.011
55.300	1.049	0.876	0.590	0.302	0.004	0.845	0.409	0.078	0.742	0.165	0.823	0.446	0.132	0.731	0.197	0.824	0.470	0.121	0.923	0.735	0.577	0.379	0.203	0.011
55.400	1.049	0.880	0.591	0.302	0.005	0.846	0.410	0.077	0.744	0.167	0.823	0.447	0.134	0.729	0.197	0.824	0.473	0.122	0.924	0.735	0.579	0.381	0.206	0.009
55.500	1.049	0.878	0.591	0.303	0.006	0.847	0.410	0.079	0.745	0.167	0.823	0.446	0.132	0.731	0.201	0.824	0.474	0.122	0.924	0.734	0.578	0.381	0.206	0.010
55.600	1.048	0.879	0.592	0.305	0.006	0.847	0.411	0.079	0.744	0.168	0.823	0.448	0.134	0.729	0.201	0.825	0.474	0.122	0.925	0.735	0.580	0.383	0.207	0.011
55.700	1.051	0.878	0.591	0.304	0.008	0.847	0.413	0.081	0.745	0.170	0.823	0.449	0.133	0.729	0.201	0.827	0.475	0.124	0.925	0.736	0.580	0.383	0.208	0.012
55.800	1.050	0.878	0.592	0.306	0.009	0.846	0.412	0.082	0.745	0.170	0.824	0.449	0.135	0.732	0.201	0.825	0.474	0.124	0.923	0.736	0.581	0.383	0.208	0.011
55.900	1.048	0.878	0.593	0.307	0.013	0.847	0.413	0.084	0.746	0.170	0.825	0.450	0.135	0.731	0.203	0.826	0.476	0.127	0.924	0.737	0.580	0.384	0.210	0.012
56.000	1.049	0.878	0.594	0.308	0.013	0.846	0.415	0.085	0.746	0.173	0.823	0.450	0.138	0.732	0.204	0.825	0.477	0.128	0.924	0.737	0.582	0.386	0.211	0.010
56.100	1.050	0.879	0.595	0.309	0.016	0.847	0.414	0.085	0.746	0.173	0.823	0.451	0.139	0.732	0.204	0.825	0.477	0.129	0.924	0.736	0.582	0.386	0.212	0.011
56.200	1.050	0.880	0.596	0.307	0.019	0.847	0.417	0.087	0.747	0.176	0.827	0.453	0.139	0.732	0.206	0.825	0.477	0.131	0.925	0.737	0.583	0.388	0.213	0.011
56.300	1.050	0.882	0.595	0.311	0.021	0.849	0.417	0.088	0.747	0.177	0.825	0.452	0.141	0.734	0.205	0.825	0.479	0.131	0.924	0.738	0.584	0.386	0.213	0.011
56.400	1.050	0.881	0.596	0.311	0.022	0.849	0.418	0.088	0.748	0.178	0.826	0.454	0.141	0.733	0.208	0.826	0.479	0.132	0.924	0.736	0.583	0.388	0.215	0.011
56.500	1.050	0.882	0.597	0.313	0.024	0.849	0.419	0.090	0.748	0.179	0.828	0.454	0.143	0.734	0.208	0.825	0.479	0.134	0.925	0.738	0.582	0.389	0.215	0.012
56.600	1.050	0.883	0.597	0.315	0.025	0.850	0.419	0.092	0.750	0.180	0.828	0.456	0.144	0.733	0.211	0.827	0.479	0.134	0.926	0.739	0.584	0.389	0.218	0.011
56.700	1.048	0.882	0.597	0.315	0.027	0.849	0.419	0.093	0.748	0.181	0.828	0.457	0.147	0.734	0.212	0.826	0.482	0.136	0.925	0.739	0.585	0.390	0.219	0.012
56.800	1.050	0.884	0.598	0.316	0.028	0.850	0.419	0.094	0.750	0.182	0.827	0.458	0.147	0.734	0.212	0.827	0.482	0.136	0.927	0.740	0.587	0.391	0.219	0.011
56.900	1.049	0.882	0.598	0.316	0.030	0.849	0.421	0.094	0.750	0.183	0.829	0.458	0.148	0.735	0.212	0.827	0.482	0.136	0.927	0.738	0.588	0.393	0.221	0.014
57.000	1.048	0.883	0.601	0.318	0.032	0.850	0.422	0.095	0.751	0.184	0.829	0.459	0.150	0.735	0.213	0.827	0.484	0.138	0.928	0.739	0.588	0.392	0.220	0.017
57.100	1.048	0.884	0.602	0.318	0.034	0.849	0.422	0.098	0.751	0.185	0.828	0.458	0.151	0.736	0.216	0.829	0.483	0.139	0.927	0.741	0.590	0.394	0.222	0.019
57.200	1.050	0.884	0.602	0.320	0.036	0.851	0.424	0.099	0.751	0.186	0.829	0.458	0.152	0.736	0.215	0.827	0.484	0.140	0.928	0.741	0.589	0.395	0.224	0.023
57.300	1.050	0.883	0.601	0.321	0.038	0.850	0.424	0.101	0.751	0.186	0.829	0.460	0.151	0.737	0.216	0.829	0.485	0.143	0.928	0.740	0.589	0.396	0.224	0.025
57.400	1.050	0.884	0.601	0.322	0.040	0.851	0.424	0.099	0.752	0.187	0.829	0.461	0.153	0.737	0.220	0.830	0.486	0.142	0.927	0.743	0.590	0.396	0.225	0.028
57.500	1.052	0.884	0.602	0.323	0.040	0.850	0.425	0.102	0.752	0.189	0.829	0.463	0.154	0.738	0.216	0.829	0.487	0.144	0.927	0.741	0.590	0.397	0.226	0.030
57.600	1.049	0.885	0.603	0.323	0.043	0.852	0.425	0.103	0.753	0.187	0.830	0.462	0.155	0.738	0.220	0.830	0.487	0.144	0.927	0.743	0.591	0.397	0.227	0.032
57.700	1.050	0.885	0.604	0.324	0.043	0.852	0.428	0.104	0.754	0.189	0.830	0.465	0.157	0.739	0.220	0.829	0.488	0.146	0.928	0.743	0.592	0.400	0.229	0.033
57.800	1.051	0.884	0.604	0.325	0.044	0.852	0.428	0.105	0.755	0.191	0.831	0.463	0.158	0.739	0.221	0.831	0.489	0.148	0.929	0.744	0.592	0.400	0.229	0.036
57.900	1.050	0.884	0.604	0.327	0.045	0.852	0.428	0.106	0.755	0.193	0.829	0.464	0.158	0.739	0.222	0.831	0.489	0.148	0.930	0.744	0.594	0.401	0.232	0.037
58.000	1.050	0.887	0.604	0.328	0.047	0.852	0.429	0.107	0.755	0.193	0.831	0.465	0.159	0.739	0.223	0.830	0.489	0.148	0.928	0.744	0.594	0.402	0.231	0.038
58.100	1.050	0.884	0.605	0.328	0.049	0.852	0.430	0.110	0.755	0.196	0.830	0.467	0.160	0.739	0.224	0.831	0.491	0.150	0.927	0.745	0.595	0.402	0.232	0.040
58.200	1.050	0.885	0.607	0.329	0.052	0.852	0.431	0.111	0.756	0.196	0.831	0.464	0.161	0.740	0.226	0.832	0.493	0.151	0.928	0.745	0.597	0.403	0.233	0.042
58.300	1.051	0.886	0.605	0.330	0.053	0.852	0.431	0.110	0.756	0.197	0.832	0.467	0.162	0.742	0.226	0.833	0.493	0.151	0.927	0.745	0.594	0.403	0.235	0.043
58.400	1.050	0.886	0.607	0.331	0.053	0.853	0.433	0.112	0.756	0.198	0.833	0.467	0.162	0.741	0.228	0.834	0.491	0.154	0.929	0.745	0.595	0.403	0.235	0.045
58.500	1.050	0.885	0.609	0.331	0.057	0.855	0.432	0.115	0.757	0.200	0.831	0.468	0.164	0.741	0.228	0.832	0.493	0.155	0.928	0.748	0.597	0.404	0.235	0.046
58.600	1.050	0.886	0.609	0.334	0.058	0.854	0.434	0.117	0.756	0.201	0.833	0.469	0.165	0.743	0.230	0.832	0.494	0.155	0.928	0.745	0.597	0.405	0.238	0.047
58.700	1.050	0.885	0.609	0.336	0.060	0.855	0.435	0.116	0.755	0.201	0.833	0.469	0.167	0.741	0.230	0.834	0.495	0.157	0.928	0.748	0.597	0.406	0.237	0.048
58.800	1.051	0.885	0.610	0.335	0.062	0.855	0.436	0.118	0.757	0.203	0.833	0.470	0.169	0.744	0.232	0.834	0.494	0.157	0.928	0.748	0.597	0.409	0.239	0.051
58.900	1.051	0.887	0.611	0.334	0.064	0.855	0.436	0.119	0.757	0.203	0.832	0.471	0.169	0.743	0.232	0.834	0.496	0.158	0.931	0.748	0.599	0.407	0.240	0.051
59.000	1.051	0.886	0.612	0.337	0.066	0.854	0.436	0.121	0.758	0.204	0.833	0.472	0.171	0.743	0.233	0.834	0.498	0.158	0.928	0.749	0.598	0.408	0.240	0.053
59.100	1.051	0.887	0.611	0.338	0.068	0.855	0.438	0.122	0.759	0.204	0.834	0.473	0.172	0.745	0.233	0.833	0.496	0.160	0.929	0.748	0.601	0.410	0.242	0.056
59.200	1.050	0.888	0.611	0.338	0.069	0.855	0.438	0.122	0.758	0.206	0.833	0.474	0.173	0.745	0.237	0.835	0.498	0.161	0.928	0.751	0.603	0.411	0.241	0.058
59.300	1.051	0.888	0.612	0.339	0.070	0.856	0.439	0.125	0.758	0.208	0.834	0.474	0.174	0.744	0.235	0.836	0.500	0.162	0.931	0.750	0.601	0.412	0.244	0.059
59.400	1.051	0.887	0.612	0.340	0.070	0.856	0.441	0.125	0.760	0.208	0.834	0.477	0.175	0.745	0.238	0.836	0.500	0.164	0.931	0.750	0.601	0.412	0.245	0.061
59.500	1.050	0.887	0.613	0.340	0.074	0.856	0.440	0.125	0.759	0.210	0.837	0.475	0.176	0.745	0.237	0.837	0.501	0.164	0.930	0.751	0.602	0.412	0.247	0.063
59.600	1.051	0.888	0.615	0.343	0.073	0.856	0.443	0.128	0.760	0.211	0.836	0.478	0.178	0.745	0.238	0.835	0.501	0.165	0.930	0.751	0.601	0.413	0.247	0.064
59.700	1.051	0.888	0.615	0.345	0.076	0.856	0.441	0.130	0.762	0.211	0.836	0.479	0.178	0.746	0.241	0.836	0.501	0.166	0.930	0.751	0.603	0.414	0.249	0.066
59.800	1.051	0.891	0.616	0.345	0.078	0.856	0.442	0.129	0.761	0.214	0.836	0.479	0.179	0.748	0.240	0.836	0.502	0.169	0.931	0.752	0.604	0.415	0.250	0.065
59.900	1.051	0.890	0.616	0.345	0.079	0.857	0.444	0.131	0.762	0.215	0.837	0.479	0.181	0.748	0.243	0.838	0.503	0.168	0.930	0.751	0.605	0.416	0.251	0.067
60.000	1.052	0.889	0.617	0.348	0.080	0.856	0.445	0.133	0.762	0.216	0.836	0.479	0.183	0.747	0.243	0.838	0.504	0.170	0.930	0.751	0.605	0.418	0.252	0.068
60.100	1.050	0.891	0.618	0.348	0.083	0.857	0.448	0.135	0.763	0.216	0.836	0.480	0.183	0.748	0.245	0.837	0.506	0.172	0.931	0.753	0.607	0.417	0.251	0.070
60.200	1.050	0.891	0.619	0.349	0.085	0.857	0.447	0.135	0.764	0.218	0.836	0.483	0.184	0.749	0.246	0.837	0.505	0.172	0.931	0.754	0.605	0.419	0.252	0.071
60.300	1.051	0.891	0.618	0.350	0.086	0.859	0.448	0.136	0.764	0.219	0.838	0.484	0.186	0.750	0.246	0.840	0.507	0.174	0.931	0.753	0.607	0.419	0.254	0.070
60.400	1.051	0.888	0.618	0.350	0.088	0.859	0.448	0.138	0.764	0.220	0.837	0.483	0.186	0.751	0.248	0.838	0.508	0.174	0.932	0.754	0.608	0.422	0.255	0.073
60.500	1.050	0.892	0.621	0.352	0.090	0.859	0.451	0.139	0.765	0.222	0.838	0.484	0.188	0.751	0.249	0.839	0.508	0.175	0.931	0.754	0.609	0.419	0.256	0.074
60.600	1.051	0.891	0.621	0.353	0.090	0.861	0.450	0.139	0.765	0.223	0.839	0.486	0.189	0.750	0.250	0.838	0.508	0.178	0.931	0.755	0.610	0.422	0.259	0.076
60.700	1.051	0.893	0.621	0.353	0.093	0.861	0.452	0.143	0.766	0.223	0.839	0.486	0.189	0.752	0.251	0.838	0.507	0.178	0.931	0.755	0.612	0.423	0.259	0.078
60.800	1.051	0.892	0.621	0.353	0.093	0.859	0.453	0.143	0.765	0.224	0.839	0.486	0.190	0.753	0.251	0.840	0.510	0.178	0.932	0.757	0.610	0.422	0.261	0.078
60.900	1.051	0.891	0.623	0.355	0.096	0.860	0.453	0.144	0.767	0.226	0.839	0.487	0.191	0.753	0.253	0.840	0.510	0.179	0.931	0.756	0.611	0.424	0.262	0.081
61.000	1.051	0.892	0.624	0.356	0.096	0.861	0.454	0.146	0.767	0.225	0.839	0.487	0.191	0.753	0.254	0.840	0.511	0.181	0.932	0.757	0.611	0.425	0.262	0.081
61.100	1.051	0.893	0.624	0.356	0.098	0.860	0.454	0.148	0.765	0.229	0.839	0.489	0.193	0.754	0.253	0.840	0.511	0.180	0.934	0.758	0.611	0.426	0.262	0.082
61.200	1.051	0.893	0.623	0.358	0.100	0.861	0.456	0.148	0.767	0.229	0.839	0.489	0.194	0.752	0.255	0.840	0.512	0.183	0.934	0.757	0.613	0.426	0.263	0.082
61.300	1.051	0.894	0.624	0.358	0.102	0.861	0.455	0.149	0.766	0.230	0.840	0.490	0.193	0.752	0.255	0.840	0.512	0.184	0.934	0.758	0.613	0.428	0.265	0.083
61.400	1.050	0.892	0.626	0.359	0.103	0.862	0.457	0.149	0.768	0.229	0.840	0.491	0.195	0.753	0.256	0.841	0.514	0.184	0.935	0.758	0.614	0.428	0.265	0.085
61.500	1.051	0.892	0.626	0.362	0.103	0.862	0.457	0.152	0.767	0.232	0.840	0.492	0.195	0.754	0.256	0.842	0.515	0.184	0.933	0.758	0.613	0.428	0.265	0.086
61.600	1.051	0.893	0.626	0.362	0.107	0.863	0.457	0.152	0.768	0.232	0.841	0.491	0.195	0.754	0.257	0.840	0.513	0.186	0.933	0.758	0.614	0.431	0.267	0.086
61.700	1.051	0.893	0.625	0.363	0.107	0.862	0.458	0.151	0.769	0.233	0.840	0.493	0.194	0.754	0.258	0.843	0.515	0.186	0.933	0.760	0.613	0.429	0.267	0.089
61.800	1.051	0.894	0.627	0.363	0.111	0.861	0.459	0.155	0.770	0.233	0.842	0.491	0.196	0.755	0.259	0.842	0.515	0.186	0.933	0.758	0.615	0.430	0.268	0.092
61.900	1.053	0.894	0.627	0.364	0.108	0.862	0.459	0.155	0.769	0.233	0.842	0.492	0.196	0.755	0.261	0.841	0.516	0.189	0.935	0.758	0.616	0.431	0.268	0.092
62.000	1.051	0.895	0.628	0.364	0.110	0.861	0.460	0.157	0.769	0.234	0.841	0.493	0.196	0.756	0.259	0.841	0.516	0.189	0.935	0.760	0.613	0.431	0.269	0.092
62.100	1.051	0.895	0.629	0.365	0.112	0.862	0.461	0.158	0.768	0.235	0.841	0.493	0.197	0.755	0.259	0.842	0.516	0.189	0.935	0.759	0.616	0.431	0.269	0.093
62.200	1.051	0.894	0.629	0.366	0.114	0.862	0.460	0.158	0.768	0.235	0.841	0.494	0.198	0.755	0.261	0.843	0.516	0.190	0.933	0.760	0.616	0.430	0.270	0.095
62.300	1.051	0.893	0.628	0.367	0.115	0.861	0.461	0.157	0.770	0.235	0.841	0.493	0.197	0.756	0.261	0.843	0.517	0.190	0.933	0.760	0.616	0.431	0.271	0.095
62.400	1.052	0.895	0.630	0.367	0.114	0.863	0.461	0.158	0.770	0.237	0.842	0.493	0.198	0.756	0.261	0.844	0.517	0.192	0.935	0.760	0.617	0.432	0.270	0.095
62.500	1.051	0.895	0.630	0.367	0.117	0.862	0.462	0.160	0.770	0.238	0.840	0.494	0.197	0.755	0.261	0.845	0.518	0.192	0.932	0.760	0.616	0.431	0.271	0.097
62.600	1.052	0.895	0.630	0.367	0.118	0.862	0.461	0.160	0.772	0.238	0.842	0.495	0.199	0.756	0.261	0.840	0.517	0.190	0.937	0.758	0.618	0.432	0.272	0.098
62.700	1.051	0.894	0.630	0.367	0.117	0.863	0.462	0.161	0.770	0.239	0.842	0.494	0.198	0.755	0.263	0.844	0.517	0.192	0.935	0.760	0.618	0.433	0.273	0.099
62.800	1.051	0.897	0.630	0.368	0.119	0.864	0.464	0.161	0.770	0.239	0.842	0.496	0.199	0.755	0.263	0.842	0.518	0.192	0.935	0.761	0.616	0.432	0.273	0.099
62.900	1.050	0.894	0.629	0.369	0.120	0.862	0.461	0.161	0.772	0.238	0.842	0.495	0.198	0.757	0.261	0.843	0.518	0.193	0.934	0.761	0.618	0.433	0.272	0.102
63.000	1.051	0.895	0.630	0.369	0.122	0.862	0.464	0.164	0.770	0.240	0.843	0.495	0.198	0.756	0.265	0.844	0.517	0.193	0.935	0.760	0.618	0.433	0.274	0.102
63.100	1.052	0.894	0.632	0.367	0.121	0.865	0.462	0.164	0.769	0.240	0.844	0.495	0.199	0.758	0.263	0.846	0.520	0.194	0.935	0.761	0.618	0.434	0.273	0.103
63.200	1.051	0.895	0.631	0.370	0.123	0.864	0.463	0.165	0.772	0.242	0.843	0.496	0.199	0.757	0.265	0.843	0.519	0.193	0.935	0.761	0.617	0.434	0.274	0.104
63.300	1.051	0.896	0.631	0.370	0.122	0.863	0.464	0.165	0.770	0.240	0.842	0.498	0.199	0.758	0.264	0.844	0.520	0.194	0.936	0.761	0.618	0.432	0.274	0.105
63.400	1.051	0.895	0.630	0.371	0.123	0.864	0.464	0.165	0.770	0.240	0.842	0.497	0.201	0.757	0.266	0.844	0.519	0.194	0.935	0.759	0.620	0.434	0.275	0.106
63.500	1.052	0.895	0.631	0.369	0.128	0.864	0.464	0.165	0.774	0.241	0.842	0.497	0.201	0.758	0.266	0.846	0.519	0.195	0.935	0.763	0.620	0.437	0.275	0.107
63.600	1.051	0.895	0.631	0.371	0.126	0.864	0.465	0.166	0.772	0.242	0.843	0.496	0.200	0.757	0.264	0.846	0.520	0.194	0.933	0.762	0.619	0.434	0.275	0.108
